"sample"	"12M"	"13M"	"16F"	"19F"	"22F"	"23M"	"29F"	"31M"	"35F"	"36F"	"39F"	"3F"	"41F"	"44F"	"48M"	"50F"	"52F"	"53F"	"54F"	"59M"	"64M"	"6M"	"76F"	"77F"	"7M"	"9M"
"12M"	0	0.051833	0.065087	0.074943	0.052083	0.056348	0.063667	0.057863	0.072606	0.067544	0.061042	0.042357	0.057715	0.067394	0.059371	0.055395	0.067694	0.060491	0.061507	0.050297	0.058001	0.059446	0.044517	0.058163	0.06416	0.055671
"13M"	0.051833	0	0.045002	0.05409	0.036945	0.046627	0.086433	0.053412	0.056313	0.050231	0.084056	0.046292	0.04982	0.054259	0.05706	0.046225	0.05005	0.055199	0.066474	0.076069	0.051247	0.070837	0.063056	0.061562	0.052786	0.055597
"16F"	0.065087	0.045002	0	0.069003	0.059445	0.050295	0.054638	0.055854	0.068856	0.073992	0.069586	0.044772	0.057536	0.067168	0.058939	0.054472	0.066497	0.058376	0.066752	0.043498	0.055569	0.057552	0.040993	0.060895	0.069088	0.062833
"19F"	0.074943	0.05409	0.069003	0	0.056011	0.057057	0.052378	0.05629	0.071453	0.07748	0.066301	0.043394	0.063506	0.073212	0.062576	0.066056	0.070109	0.067405	0.069571	0.048032	0.054852	0.056932	0.041286	0.068516	0.071829	0.05875
"22F"	0.052083	0.036945	0.059445	0.056011	0	0.046587	0.046753	0.032094	0.063189	0.056824	0.049644	0.037513	0.055742	0.052345	0.048149	0.057445	0.055745	0.052095	0.055375	0.026356	0.045929	0.049707	0.026188	0.048443	0.056014	0.041163
"23M"	0.056348	0.046627	0.050295	0.057057	0.046587	0	0.045299	0.057947	0.051805	0.057087	0.050827	0.050026	0.044597	0.084425	0.068598	0.058827	0.056012	0.054487	0.056216	0.102967	0.05954	0.049079	0.085223	0.059623	0.055657	0.047079
"29F"	0.063667	0.086433	0.054638	0.052378	0.046753	0.045299	0	0.069029	0.064509	0.056367	0.086918	0.048921	0.044846	0.07891	0.045315	0.049418	0.060008	0.053359	0.081246	0.091573	0.062644	0.07229	0.075261	0.066813	0.056192	0.078926
"31M"	0.057863	0.053412	0.055854	0.05629	0.032094	0.057947	0.069029	0	0.050681	0.046224	0.054759	0.062562	0.050142	0.05777	0.043359	0.045548	0.043273	0.054094	0.049236	0.03895	0.061864	0.039704	0.039185	0.052154	0.04778	0.086506
"35F"	0.072606	0.056313	0.068856	0.071453	0.063189	0.051805	0.064509	0.050681	0	0.06859	0.065837	0.044046	0.057978	0.064347	0.059973	0.060722	0.071401	0.061688	0.069062	0.041883	0.052299	0.057196	0.043828	0.060857	0.065538	0.059658
"36F"	0.067544	0.050231	0.073992	0.07748	0.056824	0.057087	0.056367	0.046224	0.06859	0	0.064363	0.054487	0.052429	0.067029	0.064647	0.057794	0.068568	0.058448	0.06842	0.046245	0.057112	0.052465	0.047663	0.05806	0.070179	0.082098
"39F"	0.061042	0.084056	0.069586	0.066301	0.049644	0.050827	0.086918	0.054759	0.065837	0.064363	0	0.042675	0.051437	0.061324	0.062079	0.057446	0.060371	0.048755	0.070144	0.059844	0.05709	0.080756	0.068378	0.083762	0.062038	0.055035
"3F"	0.042357	0.046292	0.044772	0.043394	0.037513	0.050026	0.048921	0.062562	0.044046	0.054487	0.042675	0	0.052073	0.053484	0.045443	0.039092	0.042635	0.056685	0.041152	0.015999	0.044497	0.03243	0.043639	0.04206	0.045329	0.068022
"41F"	0.057715	0.04982	0.057536	0.063506	0.055742	0.044597	0.044846	0.050142	0.057978	0.052429	0.051437	0.052073	0	0.050061	0.044183	0.065494	0.059368	0.060122	0.053991	0.031998	0.056194	0.045177	0.040368	0.046955	0.056068	0.04968
"44F"	0.067394	0.054259	0.067168	0.073212	0.052345	0.084425	0.07891	0.05777	0.064347	0.067029	0.061324	0.053484	0.050061	0	0.064463	0.054943	0.067537	0.057112	0.07917	0.073116	0.059227	0.048113	0.096338	0.079177	0.062187	0.073954
"48M"	0.059371	0.05706	0.058939	0.062576	0.048149	0.068598	0.045315	0.043359	0.059973	0.064647	0.062079	0.045443	0.044183	0.064463	0	0.049017	0.060634	0.04852	0.076497	0.084447	0.051631	0.061125	0.072194	0.083259	0.066089	0.056467
"50F"	0.055395	0.046225	0.054472	0.066056	0.057445	0.058827	0.049418	0.045548	0.060722	0.057794	0.057446	0.039092	0.065494	0.054943	0.049017	0	0.064034	0.064891	0.057311	0.033929	0.053169	0.045791	0.048803	0.052616	0.062082	0.046687
"52F"	0.067694	0.05005	0.066497	0.070109	0.055745	0.056012	0.060008	0.043273	0.071401	0.068568	0.060371	0.042635	0.059368	0.067537	0.060634	0.064034	0	0.064296	0.067341	0.043002	0.052204	0.052057	0.038682	0.059168	0.072786	0.058628
"53F"	0.060491	0.055199	0.058376	0.067405	0.052095	0.054487	0.053359	0.054094	0.061688	0.058448	0.048755	0.056685	0.060122	0.057112	0.04852	0.064891	0.064296	0	0.090366	0.0322	0.063827	0.050742	0.031555	0.04764	0.056506	0.045712
"54F"	0.061507	0.066474	0.066752	0.069571	0.055375	0.056216	0.081246	0.049236	0.069062	0.06842	0.070144	0.041152	0.053991	0.07917	0.076497	0.057311	0.067341	0.090366	0	0.056584	0.060506	0.05599	0.061831	0.087525	0.06744	0.063472
"59M"	0.050297	0.076069	0.043498	0.048032	0.026356	0.102967	0.091573	0.03895	0.041883	0.046245	0.059844	0.015999	0.031998	0.073116	0.084447	0.033929	0.043002	0.0322	0.056584	0	0.052401	0.05784	0.141541	0.063184	0.055182	0.044643
"64M"	0.058001	0.051247	0.055569	0.054852	0.045929	0.05954	0.062644	0.061864	0.052299	0.057112	0.05709	0.044497	0.056194	0.059227	0.051631	0.053169	0.052204	0.063827	0.060506	0.052401	0	0.049806	0.043714	0.053818	0.057976	0.052457
"6M"	0.059446	0.070837	0.057552	0.056932	0.049707	0.049079	0.07229	0.039704	0.057196	0.052465	0.080756	0.03243	0.045177	0.048113	0.061125	0.045791	0.052057	0.050742	0.05599	0.05784	0.049806	0	0.051931	0.067768	0.059061	0.048728
"76F"	0.044517	0.063056	0.040993	0.041286	0.026188	0.085223	0.075261	0.039185	0.043828	0.047663	0.068378	0.043639	0.040368	0.096338	0.072194	0.048803	0.038682	0.031555	0.061831	0.141541	0.043714	0.051931	0	0.084155	0.047468	0.055943
"77F"	0.058163	0.061562	0.060895	0.068516	0.048443	0.059623	0.066813	0.052154	0.060857	0.05806	0.083762	0.04206	0.046955	0.079177	0.083259	0.052616	0.059168	0.04764	0.087525	0.063184	0.053818	0.067768	0.084155	0	0.059496	0.069263
"7M"	0.06416	0.052786	0.069088	0.071829	0.056014	0.055657	0.056192	0.04778	0.065538	0.070179	0.062038	0.045329	0.056068	0.062187	0.066089	0.062082	0.072786	0.056506	0.06744	0.055182	0.057976	0.059061	0.047468	0.059496	0	0.06737
"9M"	0.055671	0.055597	0.062833	0.05875	0.041163	0.047079	0.078926	0.086506	0.059658	0.082098	0.055035	0.068022	0.04968	0.073954	0.056467	0.046687	0.058628	0.045712	0.063472	0.044643	0.052457	0.048728	0.055943	0.069263	0.06737	0
