gene_name,exposed_females_max_transcript_counts,exposed_males_max_transcript_counts,difference
LOC111099031,0,1,-1
LOC111099035,2,1,1
LOC111099040,17,16,1
LOC111099047,6,4,2
LOC111099049,1,2,-1
LOC111099056,3,2,1
LOC111099059,1,3,-2
LOC111099066,1,2,-1
LOC111099076,1,2,-1
LOC111099078,2,1,1
LOC111099084,0,1,-1
LOC111099087,1,2,-1
LOC111099097,3,2,1
LOC111099099,2,3,-1
LOC111099101,3,2,1
LOC111099106,4,2,2
LOC111099122,3,2,1
LOC111099125,4,3,1
LOC111099127,3,2,1
LOC111099133,1,4,-3
LOC111099139,1,2,-1
LOC111099145,2,1,1
LOC111099150,5,4,1
LOC111099157,17,15,2
LOC111099174,2,1,1
LOC111099181,2,1,1
LOC111099190,1,2,-1
LOC111099194,15,11,4
LOC111099196,6,4,2
LOC111099199,1,2,-1
LOC111099204,0,1,-1
LOC111099227,3,2,1
LOC111099230,1,2,-1
LOC111099425,1,0,1
LOC111099430,1,2,-1
LOC111099431,1,0,1
LOC111099435,0,1,-1
LOC111099438,3,1,2
LOC111099441,0,1,-1
LOC111099443,2,1,1
LOC111099450,2,3,-1
LOC111099452,0,1,-1
LOC111099456,1,0,1
LOC111099457,10,11,-1
LOC111099463,1,2,-1
LOC111099465,1,2,-1
LOC111099466,0,1,-1
LOC111099476,1,2,-1
LOC111099486,0,2,-2
LOC111099497,0,1,-1
LOC111099498,1,2,-1
LOC111099501,1,0,1
LOC111099504,3,4,-1
LOC111099508,1,2,-1
LOC111099518,2,3,-1
LOC111099532,2,1,1
LOC111099542,0,1,-1
LOC111099546,0,1,-1
LOC111099550,1,2,-1
LOC111099551,1,2,-1
LOC111099566,2,1,1
LOC111099569,2,1,1
LOC111099575,2,3,-1
LOC111099579,3,1,2
LOC111099586,0,1,-1
LOC111099587,4,2,2
LOC111099594,2,1,1
LOC111099596,3,2,1
LOC111099600,2,3,-1
LOC111099603,10,9,1
LOC111099610,6,5,1
LOC111099619,0,1,-1
LOC111099632,1,3,-2
LOC111099634,1,0,1
LOC111099639,4,3,1
LOC111099646,2,1,1
LOC111099649,1,2,-1
LOC111099655,1,2,-1
LOC111099662,1,0,1
LOC111099663,2,3,-1
LOC111099667,1,0,1
LOC111099668,2,1,1
LOC111099673,4,1,3
LOC111099675,1,2,-1
LOC111099678,1,3,-2
LOC111099684,2,1,1
LOC111099686,2,1,1
LOC111099689,1,2,-1
LOC111099692,10,6,4
LOC111099696,3,2,1
LOC111099698,1,0,1
LOC111099700,5,3,2
LOC111099706,3,2,1
LOC111099707,0,1,-1
LOC111099708,0,1,-1
LOC111099711,4,1,3
LOC111099726,1,0,1
LOC111099733,1,2,-1
LOC111099734,2,1,1
LOC111099746,6,4,2
LOC111099747,4,5,-1
LOC111099754,2,1,1
LOC111099766,2,1,1
LOC111099767,3,1,2
LOC111099770,3,2,1
LOC111099771,4,5,-1
LOC111099781,5,4,1
LOC111099789,3,1,2
LOC111099794,3,5,-2
LOC111099804,2,1,1
LOC111099809,0,1,-1
LOC111099833,0,1,-1
LOC111099840,0,1,-1
LOC111099841,2,1,1
LOC111099848,0,1,-1
LOC111099849,6,1,5
LOC111099852,0,2,-2
LOC111099858,1,0,1
LOC111099870,12,8,4
LOC111099877,1,2,-1
LOC111099879,1,2,-1
LOC111099880,3,2,1
LOC111099886,6,4,2
LOC111099891,0,1,-1
LOC111099892,3,5,-2
LOC111099894,2,1,1
LOC111099895,2,3,-1
LOC111099896,2,1,1
LOC111099899,3,2,1
LOC111099903,1,2,-1
LOC111099905,1,4,-3
LOC111099911,3,4,-1
LOC111099912,1,0,1
LOC111099920,4,2,2
LOC111099925,1,2,-1
LOC111099931,0,1,-1
LOC111099944,2,1,1
LOC111099945,2,1,1
LOC111099947,2,1,1
LOC111099950,0,1,-1
LOC111099951,0,1,-1
LOC111099955,0,1,-1
LOC111099965,4,2,2
LOC111099980,17,12,5
LOC111099984,0,1,-1
LOC111099987,2,4,-2
LOC111099989,2,1,1
LOC111099995,7,5,2
LOC111099999,2,0,2
LOC111100005,1,2,-1
LOC111100010,4,3,1
LOC111100020,2,1,1
LOC111100021,2,1,1
LOC111100026,5,8,-3
LOC111100028,2,3,-1
LOC111100030,0,1,-1
LOC111100034,5,4,1
LOC111100037,2,1,1
LOC111100050,2,1,1
LOC111100057,2,1,1
LOC111100059,1,0,1
LOC111100065,4,3,1
LOC111100066,1,2,-1
LOC111100068,1,2,-1
LOC111100069,3,2,1
LOC111100070,1,2,-1
LOC111100078,4,3,1
LOC111100093,2,1,1
LOC111100100,1,2,-1
LOC111100102,0,1,-1
LOC111100114,2,1,1
LOC111100117,5,3,2
LOC111100118,4,2,2
LOC111100121,0,1,-1
LOC111100122,0,1,-1
LOC111100126,0,1,-1
LOC111100138,1,2,-1
LOC111100142,1,2,-1
LOC111100148,5,4,1
LOC111100151,0,1,-1
LOC111100152,1,2,-1
LOC111100153,0,1,-1
LOC111100154,12,9,3
LOC111100155,0,1,-1
LOC111100157,1,0,1
LOC111100165,4,3,1
LOC111100174,0,1,-1
LOC111100176,5,6,-1
LOC111100182,1,2,-1
LOC111100185,1,2,-1
LOC111100186,4,3,1
LOC111100192,7,6,1
LOC111100196,4,2,2
LOC111100198,2,1,1
LOC111100207,1,3,-2
LOC111100219,5,4,1
LOC111100224,3,1,2
LOC111100225,1,2,-1
LOC111100226,0,1,-1
LOC111100234,2,1,1
LOC111100239,8,7,1
LOC111100240,2,3,-1
LOC111100241,5,3,2
LOC111100250,0,1,-1
LOC111100257,4,3,1
LOC111100276,0,1,-1
LOC111100277,7,6,1
LOC111100278,7,4,3
LOC111100279,2,1,1
LOC111100292,3,2,1
LOC111100294,3,4,-1
LOC111100296,2,3,-1
LOC111100304,4,1,3
LOC111100310,1,0,1
LOC111100311,2,1,1
LOC111100321,2,1,1
LOC111100326,3,2,1
LOC111100327,6,5,1
LOC111100328,0,1,-1
LOC111100329,5,3,2
LOC111100330,5,3,2
LOC111100331,2,3,-1
LOC111100336,7,5,2
LOC111100338,1,0,1
LOC111100344,4,3,1
LOC111100361,0,1,-1
LOC111100362,3,2,1
LOC111100366,2,3,-1
LOC111100375,7,6,1
LOC111100377,0,1,-1
LOC111100384,5,4,1
LOC111100389,8,6,2
LOC111100392,13,9,4
LOC111100394,1,2,-1
LOC111100397,1,2,-1
LOC111100402,4,3,1
LOC111100403,9,10,-1
LOC111100406,9,7,2
LOC111100407,7,4,3
LOC111100408,3,5,-2
LOC111100409,4,1,3
LOC111100411,1,2,-1
LOC111100414,1,2,-1
LOC111100418,2,3,-1
LOC111100420,1,3,-2
LOC111100421,3,4,-1
LOC111100425,5,4,1
LOC111100436,5,6,-1
LOC111100444,7,9,-2
LOC111100465,7,8,-1
LOC111100466,8,3,5
LOC111100469,0,1,-1
LOC111100470,3,1,2
LOC111100471,6,5,1
LOC111100476,3,2,1
LOC111100477,3,2,1
LOC111100481,6,5,1
LOC111100486,3,4,-1
LOC111100506,3,1,2
LOC111100510,2,1,1
LOC111100522,6,5,1
LOC111100523,10,6,4
LOC111100540,2,1,1
LOC111100543,1,2,-1
LOC111100546,3,2,1
LOC111100548,9,8,1
LOC111100568,6,7,-1
LOC111100572,2,1,1
LOC111100577,6,7,-1
LOC111100579,2,3,-1
LOC111100586,5,6,-1
LOC111100619,1,2,-1
LOC111100623,3,2,1
LOC111100625,3,2,1
LOC111100628,3,1,2
LOC111100633,2,1,1
LOC111100634,1,2,-1
LOC111100635,2,1,1
LOC111100642,2,3,-1
LOC111100658,0,1,-1
LOC111100698,0,1,-1
LOC111100731,0,1,-1
LOC111100734,2,4,-2
LOC111100738,0,1,-1
LOC111100751,0,1,-1
LOC111100752,3,2,1
LOC111100765,6,5,1
LOC111100788,7,4,3
LOC111100790,3,2,1
LOC111100792,9,7,2
LOC111100816,2,1,1
LOC111100824,1,2,-1
LOC111100827,2,1,1
LOC111100838,5,1,4
LOC111100840,2,5,-3
LOC111100844,3,2,1
LOC111100858,7,3,4
LOC111100861,2,1,1
LOC111100867,2,1,1
LOC111100869,3,4,-1
LOC111100872,3,2,1
LOC111100875,4,3,1
LOC111100876,2,1,1
LOC111100878,3,2,1
LOC111100893,2,3,-1
LOC111100894,4,5,-1
LOC111100895,2,1,1
LOC111100896,11,9,2
LOC111100906,4,3,1
LOC111100913,2,1,1
LOC111100915,1,2,-1
LOC111100924,5,3,2
LOC111100943,1,2,-1
LOC111100945,2,3,-1
LOC111100954,1,2,-1
LOC111100964,3,2,1
LOC111100970,0,1,-1
LOC111100974,2,1,1
LOC111100978,0,1,-1
LOC111100983,2,1,1
LOC111100984,5,2,3
LOC111100989,9,8,1
LOC111100993,2,3,-1
LOC111100998,0,1,-1
LOC111101001,1,2,-1
LOC111101010,1,2,-1
LOC111101014,3,2,1
LOC111101015,2,1,1
LOC111101016,2,1,1
LOC111101019,1,0,1
LOC111101026,3,2,1
LOC111101027,4,3,1
LOC111101028,3,2,1
LOC111101036,20,15,5
LOC111101049,6,5,1
LOC111101050,8,7,1
LOC111101055,5,4,1
LOC111101060,6,5,1
LOC111101077,2,1,1
LOC111101081,1,2,-1
LOC111101086,2,1,1
LOC111101098,0,1,-1
LOC111101102,4,2,2
LOC111101103,6,8,-2
LOC111101104,1,0,1
LOC111101105,2,1,1
LOC111101114,2,1,1
LOC111101116,3,1,2
LOC111101125,1,0,1
LOC111101134,2,3,-1
LOC111101136,1,3,-2
LOC111101137,4,3,1
LOC111101139,3,2,1
LOC111101141,2,1,1
LOC111101148,4,3,1
LOC111101159,1,2,-1
LOC111101163,7,5,2
LOC111101166,4,5,-1
LOC111101180,2,1,1
LOC111101190,3,2,1
LOC111101205,1,2,-1
LOC111101206,2,5,-3
LOC111101212,13,16,-3
LOC111101229,2,1,1
LOC111101230,3,1,2
LOC111101249,3,2,1
LOC111101251,5,3,2
LOC111101255,1,2,-1
LOC111101256,1,2,-1
LOC111101258,4,2,2
LOC111101274,2,1,1
LOC111101276,2,3,-1
LOC111101277,2,1,1
LOC111101293,1,2,-1
LOC111101298,2,1,1
LOC111101301,4,0,4
LOC111101304,1,2,-1
LOC111101332,1,2,-1
LOC111101352,0,1,-1
LOC111101355,1,2,-1
LOC111101369,1,3,-2
LOC111101370,3,0,3
LOC111101371,2,1,1
LOC111101381,1,3,-2
LOC111101393,2,3,-1
LOC111101402,2,1,1
LOC111101405,1,2,-1
LOC111101410,2,1,1
LOC111101412,6,2,4
LOC111101438,2,1,1
LOC111101442,1,0,1
LOC111101448,3,4,-1
LOC111101455,3,2,1
LOC111101462,2,1,1
LOC111101465,1,2,-1
LOC111101471,6,5,1
LOC111101473,3,1,2
LOC111101503,1,0,1
LOC111101505,2,3,-1
LOC111101513,1,0,1
LOC111101518,4,3,1
LOC111101524,2,1,1
LOC111101526,4,2,2
LOC111101534,0,1,-1
LOC111101543,1,2,-1
LOC111101544,2,1,1
LOC111101545,2,1,1
LOC111101552,3,1,2
LOC111101555,0,1,-1
LOC111101582,0,1,-1
LOC111101588,5,4,1
LOC111101592,1,2,-1
LOC111101597,0,1,-1
LOC111101602,1,2,-1
LOC111101603,5,4,1
LOC111101604,1,2,-1
LOC111101607,5,6,-1
LOC111101612,10,4,6
LOC111101621,2,4,-2
LOC111101625,1,2,-1
LOC111101628,1,2,-1
LOC111101629,4,2,2
LOC111101636,2,1,1
LOC111101639,2,3,-1
LOC111101645,2,1,1
LOC111101651,2,1,1
LOC111101663,1,2,-1
LOC111101664,1,2,-1
LOC111101675,0,2,-2
LOC111101677,2,1,1
LOC111101680,4,2,2
LOC111101682,1,2,-1
LOC111101689,6,4,2
LOC111101692,0,1,-1
LOC111101696,2,3,-1
LOC111101711,4,2,2
LOC111101717,2,1,1
LOC111101719,0,1,-1
LOC111101727,1,2,-1
LOC111101730,0,1,-1
LOC111101732,0,1,-1
LOC111101741,2,3,-1
LOC111101742,1,2,-1
LOC111101750,3,0,3
LOC111101754,1,3,-2
LOC111101763,2,1,1
LOC111101766,1,2,-1
LOC111101767,1,0,1
LOC111101771,1,2,-1
LOC111101772,2,1,1
LOC111101776,2,3,-1
LOC111101785,0,1,-1
LOC111101788,1,2,-1
LOC111101807,1,0,1
LOC111101809,1,2,-1
LOC111101815,1,2,-1
LOC111101823,1,2,-1
LOC111101824,0,1,-1
LOC111101825,0,1,-1
LOC111101826,0,1,-1
LOC111101850,3,2,1
LOC111101852,6,5,1
LOC111101856,0,1,-1
LOC111101871,5,3,2
LOC111101872,5,4,1
LOC111101876,1,3,-2
LOC111101879,2,1,1
LOC111101883,6,4,2
LOC111101887,0,1,-1
LOC111101900,0,1,-1
LOC111101907,0,1,-1
LOC111101913,1,0,1
LOC111101938,1,0,1
LOC111101946,3,2,1
LOC111101971,0,1,-1
LOC111101979,2,1,1
LOC111102020,4,3,1
LOC111102062,0,1,-1
LOC111102071,0,1,-1
LOC111102077,1,0,1
LOC111102103,1,0,1
LOC111102110,0,1,-1
LOC111102127,0,1,-1
LOC111102129,0,1,-1
LOC111102136,0,1,-1
LOC111102148,0,1,-1
LOC111102153,0,1,-1
LOC111102154,0,1,-1
LOC111102164,0,1,-1
LOC111102168,1,2,-1
LOC111102205,1,0,1
LOC111102222,0,1,-1
LOC111102223,0,1,-1
LOC111102236,0,1,-1
LOC111102237,12,10,2
LOC111102238,3,2,1
LOC111102246,1,0,1
LOC111102260,0,1,-1
LOC111102261,0,1,-1
LOC111102262,2,1,1
LOC111102278,4,3,1
LOC111102283,4,2,2
LOC111102285,1,2,-1
LOC111102295,3,2,1
LOC111102299,2,1,1
LOC111102310,2,1,1
LOC111102338,1,2,-1
LOC111102342,3,2,1
LOC111102349,1,2,-1
LOC111102358,0,1,-1
LOC111102359,1,2,-1
LOC111102361,12,10,2
LOC111102366,3,2,1
LOC111102372,1,3,-2
LOC111102377,1,3,-2
LOC111102378,1,2,-1
LOC111102388,2,3,-1
LOC111102389,1,2,-1
LOC111102397,2,0,2
LOC111102398,1,0,1
LOC111102401,0,1,-1
LOC111102407,0,1,-1
LOC111102418,0,1,-1
LOC111102419,0,1,-1
LOC111102422,2,1,1
LOC111102426,16,15,1
LOC111102432,2,3,-1
LOC111102435,4,3,1
LOC111102446,1,3,-2
LOC111102450,1,2,-1
LOC111102453,0,1,-1
LOC111102481,1,0,1
LOC111102485,5,2,3
LOC111102487,0,1,-1
LOC111102490,3,2,1
LOC111102493,2,1,1
LOC111102495,9,7,2
LOC111102500,1,2,-1
LOC111102502,0,1,-1
LOC111102504,3,2,1
LOC111102507,1,0,1
LOC111102510,1,2,-1
LOC111102519,1,2,-1
LOC111102522,1,0,1
LOC111102526,2,3,-1
LOC111102536,2,1,1
LOC111102540,0,1,-1
LOC111102543,0,1,-1
LOC111102547,0,1,-1
LOC111102557,0,1,-1
LOC111102566,0,1,-1
LOC111102567,1,2,-1
LOC111102569,1,2,-1
LOC111102582,0,1,-1
LOC111102587,1,3,-2
LOC111102597,1,2,-1
LOC111102600,2,1,1
LOC111102610,4,3,1
LOC111102618,0,1,-1
LOC111102629,0,1,-1
LOC111102646,0,1,-1
LOC111102648,1,2,-1
LOC111102657,0,1,-1
LOC111102660,1,2,-1
LOC111102662,1,2,-1
LOC111102663,0,2,-2
LOC111102674,3,2,1
LOC111102675,7,6,1
LOC111102677,2,3,-1
LOC111102686,1,2,-1
LOC111102712,0,1,-1
LOC111102717,1,3,-2
LOC111102721,0,2,-2
LOC111102730,1,0,1
LOC111102745,4,3,1
LOC111102747,3,2,1
LOC111102758,4,5,-1
LOC111102779,3,1,2
LOC111102786,0,1,-1
LOC111102787,2,1,1
LOC111102801,4,3,1
LOC111102813,2,1,1
LOC111102817,8,3,5
LOC111102833,22,21,1
LOC111102835,3,1,2
LOC111102841,3,4,-1
LOC111102848,1,0,1
LOC111102852,2,1,1
LOC111102853,2,3,-1
LOC111102865,2,1,1
LOC111102872,3,2,1
LOC111102888,1,2,-1
LOC111102899,0,2,-2
LOC111102903,2,3,-1
LOC111102911,2,1,1
LOC111102923,3,2,1
LOC111102933,2,1,1
LOC111102936,1,2,-1
LOC111102941,1,2,-1
LOC111102943,2,1,1
LOC111102948,0,1,-1
LOC111102952,0,1,-1
LOC111102960,3,2,1
LOC111102963,1,2,-1
LOC111102966,1,2,-1
LOC111102968,0,1,-1
LOC111102976,0,1,-1
LOC111102981,2,1,1
LOC111102982,3,2,1
LOC111102985,0,1,-1
LOC111102989,1,2,-1
LOC111102995,0,2,-2
LOC111103002,3,2,1
LOC111103003,2,4,-2
LOC111103015,6,2,4
LOC111103018,4,3,1
LOC111103019,4,3,1
LOC111103020,2,1,1
LOC111103028,1,2,-1
LOC111103034,1,0,1
LOC111103039,2,1,1
LOC111103061,7,5,2
LOC111103065,1,0,1
LOC111103071,2,1,1
LOC111103075,2,4,-2
LOC111103085,1,0,1
LOC111103087,1,3,-2
LOC111103089,0,1,-1
LOC111103090,6,5,1
LOC111103099,1,2,-1
LOC111103100,0,1,-1
LOC111103101,0,1,-1
LOC111103102,0,1,-1
LOC111103111,0,1,-1
LOC111103112,2,1,1
LOC111103119,2,3,-1
LOC111103125,0,1,-1
LOC111103131,1,2,-1
LOC111103138,1,0,1
LOC111103141,0,1,-1
LOC111103147,0,1,-1
LOC111103148,3,4,-1
LOC111103153,1,2,-1
LOC111103155,2,1,1
LOC111103157,4,5,-1
LOC111103161,0,1,-1
LOC111103169,1,2,-1
LOC111103172,3,1,2
LOC111103176,2,5,-3
LOC111103183,0,1,-1
LOC111103187,0,1,-1
LOC111103190,2,1,1
LOC111103191,2,1,1
LOC111103196,0,1,-1
LOC111103207,2,1,1
LOC111103214,3,2,1
LOC111103222,0,1,-1
LOC111103223,8,6,2
LOC111103234,3,4,-1
LOC111103238,3,2,1
LOC111103241,0,1,-1
LOC111103243,1,0,1
LOC111103244,14,6,8
LOC111103253,2,1,1
LOC111103262,2,1,1
LOC111103263,1,2,-1
LOC111103270,7,2,5
LOC111103278,0,1,-1
LOC111103287,16,12,4
LOC111103295,0,1,-1
LOC111103300,0,1,-1
LOC111103302,0,1,-1
LOC111103308,0,1,-1
LOC111103324,0,1,-1
LOC111103336,0,1,-1
LOC111103338,2,1,1
LOC111103342,3,2,1
LOC111103344,11,10,1
LOC111103345,16,18,-2
LOC111103357,6,5,1
LOC111103365,0,1,-1
LOC111103366,6,4,2
LOC111103369,0,1,-1
LOC111103370,5,4,1
LOC111103375,6,7,-1
LOC111103381,3,2,1
LOC111103387,6,5,1
LOC111103393,6,7,-1
LOC111103396,9,8,1
LOC111103398,2,1,1
LOC111103404,2,1,1
LOC111103405,3,4,-1
LOC111103417,1,2,-1
LOC111103418,2,1,1
LOC111103426,1,0,1
LOC111103430,7,5,2
LOC111103431,9,7,2
LOC111103433,0,1,-1
LOC111103435,0,1,-1
LOC111103440,0,1,-1
LOC111103441,6,5,1
LOC111103443,6,2,4
LOC111103446,0,1,-1
LOC111103456,0,1,-1
LOC111103458,1,0,1
LOC111103462,1,0,1
LOC111103467,2,1,1
LOC111103477,0,1,-1
LOC111103480,7,5,2
LOC111103483,1,0,1
LOC111103485,4,5,-1
LOC111103487,1,2,-1
LOC111103488,0,1,-1
LOC111103494,2,1,1
LOC111103505,1,2,-1
LOC111103506,0,1,-1
LOC111103510,2,1,1
LOC111103511,2,3,-1
LOC111103514,6,4,2
LOC111103519,3,2,1
LOC111103536,1,0,1
LOC111103537,0,1,-1
LOC111103550,1,2,-1
LOC111103551,0,1,-1
LOC111103553,2,3,-1
LOC111103560,4,5,-1
LOC111103565,3,1,2
LOC111103566,1,0,1
LOC111103570,2,3,-1
LOC111103576,0,1,-1
LOC111103578,2,1,1
LOC111103581,3,2,1
LOC111103587,3,4,-1
LOC111103589,6,5,1
LOC111103591,1,2,-1
LOC111103594,3,2,1
LOC111103596,7,5,2
LOC111103631,3,0,3
LOC111103635,4,3,1
LOC111103639,0,1,-1
LOC111103646,6,4,2
LOC111103649,3,2,1
LOC111103651,1,2,-1
LOC111103652,3,2,1
LOC111103655,4,2,2
LOC111103658,3,5,-2
LOC111103664,4,1,3
LOC111103670,0,1,-1
LOC111103674,1,0,1
LOC111103676,7,6,1
LOC111103678,0,1,-1
LOC111103679,0,1,-1
LOC111103684,2,1,1
LOC111103692,4,3,1
LOC111103720,0,1,-1
LOC111103724,0,1,-1
LOC111103725,0,1,-1
LOC111103737,0,1,-1
LOC111103744,9,5,4
LOC111103753,1,0,1
LOC111103755,1,2,-1
LOC111103759,2,3,-1
LOC111103778,4,3,1
LOC111103782,1,2,-1
LOC111103790,1,2,-1
LOC111103792,4,3,1
LOC111103795,1,2,-1
LOC111103802,1,2,-1
LOC111103804,5,4,1
LOC111103805,5,4,1
LOC111103809,8,7,1
LOC111103811,3,2,1
LOC111103814,8,5,3
LOC111103819,5,4,1
LOC111103821,3,1,2
LOC111103846,4,3,1
LOC111103847,5,4,1
LOC111103854,1,0,1
LOC111103858,3,2,1
LOC111103863,1,2,-1
LOC111103869,12,11,1
LOC111103871,2,1,1
LOC111103896,6,4,2
LOC111103901,9,5,4
LOC111103906,2,1,1
LOC111103907,6,5,1
LOC111103912,3,2,1
LOC111103928,1,2,-1
LOC111103929,1,2,-1
LOC111103930,4,7,-3
LOC111103932,0,1,-1
LOC111103936,2,3,-1
LOC111103949,1,2,-1
LOC111103954,2,1,1
LOC111103956,3,2,1
LOC111103964,2,1,1
LOC111103965,4,5,-1
LOC111103967,2,5,-3
LOC111103979,2,1,1
LOC111103982,3,2,1
LOC111103994,4,3,1
LOC111103996,6,4,2
LOC111104008,5,6,-1
LOC111104011,1,3,-2
LOC111104015,2,1,1
LOC111104023,3,2,1
LOC111104030,2,1,1
LOC111104036,0,1,-1
LOC111104041,2,1,1
LOC111104048,1,2,-1
LOC111104053,1,3,-2
LOC111104055,5,3,2
LOC111104056,1,2,-1
LOC111104061,4,2,2
LOC111104063,12,7,5
LOC111104072,1,2,-1
LOC111104077,1,2,-1
LOC111104082,2,1,1
LOC111104084,8,5,3
LOC111104098,6,4,2
LOC111104103,2,1,1
LOC111104110,1,3,-2
LOC111104117,2,3,-1
LOC111104124,5,3,2
LOC111104129,2,1,1
LOC111104135,4,3,1
LOC111104158,2,1,1
LOC111104159,4,3,1
LOC111104169,4,3,1
LOC111104175,2,1,1
LOC111104180,6,5,1
LOC111104190,10,9,1
LOC111104196,4,3,1
LOC111104211,3,2,1
LOC111104214,0,1,-1
LOC111104227,1,2,-1
LOC111104228,3,5,-2
LOC111104230,1,2,-1
LOC111104238,1,2,-1
LOC111104243,1,2,-1
LOC111104249,1,3,-2
LOC111104252,3,2,1
LOC111104255,0,1,-1
LOC111104269,11,6,5
LOC111104281,1,2,-1
LOC111104304,2,1,1
LOC111104313,3,2,1
LOC111104315,4,3,1
LOC111104316,3,2,1
LOC111104325,2,1,1
LOC111104330,4,3,1
LOC111104340,2,1,1
LOC111104346,1,2,-1
LOC111104349,4,2,2
LOC111104354,3,1,2
LOC111104356,2,1,1
LOC111104367,2,1,1
LOC111104373,3,1,2
LOC111104379,0,1,-1
LOC111104382,6,4,2
LOC111104386,3,4,-1
LOC111104392,3,2,1
LOC111104395,2,1,1
LOC111104399,1,2,-1
LOC111104401,9,7,2
LOC111104411,1,2,-1
LOC111104414,1,2,-1
LOC111104417,1,2,-1
LOC111104421,3,1,2
LOC111104422,2,1,1
LOC111104431,3,4,-1
LOC111104432,7,8,-1
LOC111104433,3,2,1
LOC111104437,2,1,1
LOC111104447,2,1,1
LOC111104451,5,4,1
LOC111104453,3,2,1
LOC111104461,2,1,1
LOC111104464,4,3,1
LOC111104468,0,1,-1
LOC111104474,3,2,1
LOC111104476,0,1,-1
LOC111104485,1,2,-1
LOC111104488,1,4,-3
LOC111104489,2,1,1
LOC111104491,1,2,-1
LOC111104497,3,1,2
LOC111104507,2,1,1
LOC111104508,1,2,-1
LOC111104515,4,3,1
LOC111104518,6,5,1
LOC111104520,1,2,-1
LOC111104539,1,2,-1
LOC111104540,2,1,1
LOC111104544,2,1,1
LOC111104545,3,2,1
LOC111104558,1,2,-1
LOC111104560,2,1,1
LOC111104572,1,2,-1
LOC111104582,0,1,-1
LOC111104583,0,1,-1
LOC111104603,2,1,1
LOC111104605,0,1,-1
LOC111104612,0,1,-1
LOC111104621,1,2,-1
LOC111104622,0,1,-1
LOC111104625,3,4,-1
LOC111104626,1,2,-1
LOC111104627,1,2,-1
LOC111104628,1,2,-1
LOC111104629,18,23,-5
LOC111104631,1,2,-1
LOC111104637,2,1,1
LOC111104648,1,2,-1
LOC111104653,2,1,1
LOC111104660,1,2,-1
LOC111104674,3,2,1
LOC111104688,3,2,1
LOC111104689,5,4,1
LOC111104697,3,2,1
LOC111104704,1,2,-1
LOC111104709,2,1,1
LOC111104710,2,1,1
LOC111104711,3,2,1
LOC111104714,3,4,-1
LOC111104721,3,2,1
LOC111104725,2,3,-1
LOC111104727,0,1,-1
LOC111104731,0,1,-1
LOC111104733,0,1,-1
LOC111104739,2,0,2
LOC111104747,2,1,1
LOC111104752,5,4,1
LOC111104754,2,1,1
LOC111104757,2,1,1
LOC111104761,1,2,-1
LOC111104764,1,2,-1
LOC111104769,5,4,1
LOC111104773,2,3,-1
LOC111104776,2,3,-1
LOC111104806,0,1,-1
LOC111104807,2,1,1
LOC111104808,0,1,-1
LOC111104810,1,2,-1
LOC111104814,2,1,1
LOC111104820,0,1,-1
LOC111104825,2,3,-1
LOC111104828,1,2,-1
LOC111104835,24,13,11
LOC111104839,4,3,1
LOC111104840,4,3,1
LOC111104841,1,3,-2
LOC111104842,1,2,-1
LOC111104849,0,1,-1
LOC111104855,1,0,1
LOC111104859,1,2,-1
LOC111104868,1,0,1
LOC111104885,0,1,-1
LOC111104910,0,1,-1
LOC111104915,0,1,-1
LOC111104940,0,1,-1
LOC111104945,0,1,-1
LOC111104957,0,1,-1
LOC111104961,0,1,-1
LOC111104962,0,1,-1
LOC111104963,0,1,-1
LOC111104973,0,1,-1
LOC111104988,0,1,-1
LOC111105002,0,1,-1
LOC111105004,0,1,-1
LOC111105005,0,1,-1
LOC111105009,0,1,-1
LOC111105014,0,1,-1
LOC111105035,3,2,1
LOC111105043,0,1,-1
LOC111105071,0,1,-1
LOC111105090,1,0,1
LOC111105099,0,1,-1
LOC111105117,0,1,-1
LOC111105120,0,1,-1
LOC111105126,0,1,-1
LOC111105155,0,1,-1
LOC111105171,0,1,-1
LOC111105211,1,2,-1
LOC111105229,0,1,-1
LOC111105230,4,3,1
LOC111105233,3,2,1
LOC111105237,1,3,-2
LOC111105239,1,2,-1
LOC111105243,1,2,-1
LOC111105257,2,1,1
LOC111105271,1,0,1
LOC111105272,3,1,2
LOC111105276,4,2,2
LOC111105285,1,2,-1
LOC111105288,0,1,-1
LOC111105291,1,2,-1
LOC111105295,3,2,1
LOC111105296,2,1,1
LOC111105312,3,7,-4
LOC111105318,1,2,-1
LOC111105319,1,2,-1
LOC111105330,1,2,-1
LOC111105333,5,6,-1
LOC111105355,2,1,1
LOC111105362,1,2,-1
LOC111105363,3,2,1
LOC111105366,12,17,-5
LOC111105367,4,6,-2
LOC111105371,0,1,-1
LOC111105376,3,4,-1
LOC111105379,3,2,1
LOC111105382,5,2,3
LOC111105412,1,2,-1
LOC111105415,0,1,-1
LOC111105418,1,2,-1
LOC111105420,1,2,-1
LOC111105423,4,5,-1
LOC111105431,0,1,-1
LOC111105434,5,2,3
LOC111105435,1,2,-1
LOC111105453,3,4,-1
LOC111105454,1,2,-1
LOC111105463,0,1,-1
LOC111105475,1,2,-1
LOC111105478,3,2,1
LOC111105479,1,2,-1
LOC111105480,0,3,-3
LOC111105482,1,2,-1
LOC111105489,1,2,-1
LOC111105494,3,2,1
LOC111105499,3,2,1
LOC111105501,2,3,-1
LOC111105503,2,1,1
LOC111105509,7,5,2
LOC111105511,3,4,-1
LOC111105522,2,1,1
LOC111105534,0,1,-1
LOC111105540,1,2,-1
LOC111105545,1,3,-2
LOC111105549,1,2,-1
LOC111105552,4,3,1
LOC111105575,1,2,-1
LOC111105577,0,1,-1
LOC111105609,2,3,-1
LOC111105611,1,0,1
LOC111105618,0,1,-1
LOC111105619,4,3,1
LOC111105620,0,1,-1
LOC111105622,0,1,-1
LOC111105624,2,1,1
LOC111105631,0,1,-1
LOC111105634,1,2,-1
LOC111105659,2,1,1
LOC111105679,1,2,-1
LOC111105684,1,5,-4
LOC111105713,5,3,2
LOC111105716,15,9,6
LOC111105732,1,2,-1
LOC111105746,1,2,-1
LOC111105754,4,2,2
LOC111105770,1,2,-1
LOC111105771,0,1,-1
LOC111105777,0,1,-1
LOC111105783,1,2,-1
LOC111105787,0,1,-1
LOC111105800,0,1,-1
LOC111105801,2,4,-2
LOC111105804,1,2,-1
LOC111105805,2,1,1
LOC111105807,19,15,4
LOC111105814,1,2,-1
LOC111105816,2,1,1
LOC111105820,0,1,-1
LOC111105825,3,2,1
LOC111105828,12,9,3
LOC111105830,1,2,-1
LOC111105835,1,3,-2
LOC111105837,0,1,-1
LOC111105842,3,2,1
LOC111105847,5,4,1
LOC111105861,0,1,-1
LOC111105862,2,1,1
LOC111105873,0,1,-1
LOC111105885,0,1,-1
LOC111105887,0,1,-1
LOC111105891,1,2,-1
LOC111105901,2,1,1
LOC111105903,2,1,1
LOC111105904,8,12,-4
LOC111105910,1,2,-1
LOC111105919,1,2,-1
LOC111105922,1,2,-1
LOC111105931,2,1,1
LOC111105939,2,3,-1
LOC111105940,1,2,-1
LOC111105949,2,1,1
LOC111105970,1,2,-1
LOC111105975,1,2,-1
LOC111105979,2,1,1
LOC111105984,2,1,1
LOC111105993,0,1,-1
LOC111105995,0,1,-1
LOC111105996,0,1,-1
LOC111105998,0,1,-1
LOC111106007,1,2,-1
LOC111106009,1,2,-1
LOC111106023,4,3,1
LOC111106026,7,6,1
LOC111106057,1,2,-1
LOC111106078,1,3,-2
LOC111106086,0,1,-1
LOC111106095,1,2,-1
LOC111106099,1,0,1
LOC111106104,2,1,1
LOC111106113,0,1,-1
LOC111106119,10,5,5
LOC111106126,2,1,1
LOC111106137,0,1,-1
LOC111106147,0,1,-1
LOC111106150,1,2,-1
LOC111106154,1,2,-1
LOC111106157,1,2,-1
LOC111106158,2,1,1
LOC111106160,0,1,-1
LOC111106170,1,2,-1
LOC111106179,1,2,-1
LOC111106188,0,1,-1
LOC111106189,5,4,1
LOC111106195,0,1,-1
LOC111106199,1,5,-4
LOC111106203,2,1,1
LOC111106212,6,3,3
LOC111106214,1,0,1
LOC111106225,1,2,-1
LOC111106228,3,1,2
LOC111106238,2,3,-1
LOC111106240,10,7,3
LOC111106245,1,2,-1
LOC111106255,3,2,1
LOC111106260,1,3,-2
LOC111106267,1,3,-2
LOC111106279,1,0,1
LOC111106280,0,1,-1
LOC111106281,1,2,-1
LOC111106287,1,0,1
LOC111106299,5,4,1
LOC111106301,3,2,1
LOC111106302,1,2,-1
LOC111106307,2,3,-1
LOC111106313,1,0,1
LOC111106315,1,2,-1
LOC111106336,3,4,-1
LOC111106339,4,5,-1
LOC111106341,0,1,-1
LOC111106344,1,2,-1
LOC111106374,0,1,-1
LOC111106379,0,1,-1
LOC111106389,1,3,-2
LOC111106393,1,2,-1
LOC111106412,2,1,1
LOC111106415,0,1,-1
LOC111106420,0,2,-2
LOC111106430,0,1,-1
LOC111106436,0,1,-1
LOC111106453,0,1,-1
LOC111106455,4,3,1
LOC111106461,3,2,1
LOC111106465,2,5,-3
LOC111106466,2,1,1
LOC111106471,1,2,-1
LOC111106488,0,1,-1
LOC111106496,3,2,1
LOC111106502,1,2,-1
LOC111106507,1,2,-1
LOC111106508,5,3,2
LOC111106514,2,3,-1
LOC111106516,2,3,-1
LOC111106520,2,3,-1
LOC111106533,0,1,-1
LOC111106535,2,1,1
LOC111106546,2,3,-1
LOC111106556,2,1,1
LOC111106558,1,2,-1
LOC111106567,2,1,1
LOC111106578,1,2,-1
LOC111106580,1,2,-1
LOC111106589,2,1,1
LOC111106605,1,2,-1
LOC111106607,2,1,1
LOC111106611,1,2,-1
LOC111106614,1,2,-1
LOC111106615,0,1,-1
LOC111106620,1,2,-1
LOC111106630,3,2,1
LOC111106639,11,10,1
LOC111106647,0,1,-1
LOC111106654,2,1,1
LOC111106656,2,3,-1
LOC111106663,1,2,-1
LOC111106664,1,2,-1
LOC111106668,2,4,-2
LOC111106672,1,2,-1
LOC111106678,1,2,-1
LOC111106679,0,1,-1
LOC111106688,0,1,-1
LOC111106698,3,2,1
LOC111106701,2,1,1
LOC111106706,3,2,1
LOC111106711,2,0,2
LOC111106714,1,2,-1
LOC111106717,1,2,-1
LOC111106723,0,1,-1
LOC111106731,3,5,-2
LOC111106739,1,2,-1
LOC111106744,0,1,-1
LOC111106749,2,3,-1
LOC111106751,2,1,1
LOC111106752,8,7,1
LOC111106754,5,4,1
LOC111106755,2,1,1
LOC111106768,2,1,1
LOC111106776,2,1,1
LOC111106778,1,2,-1
LOC111106790,1,2,-1
LOC111106795,2,1,1
LOC111106808,2,3,-1
LOC111106814,0,1,-1
LOC111106819,2,1,1
LOC111106825,1,2,-1
LOC111106830,11,7,4
LOC111106835,0,1,-1
LOC111106837,2,3,-1
LOC111106854,1,2,-1
LOC111106859,4,3,1
LOC111106861,5,3,2
LOC111106862,6,4,2
LOC111106865,0,1,-1
LOC111106867,1,2,-1
LOC111106871,1,0,1
LOC111106885,5,3,2
LOC111106889,0,2,-2
LOC111106900,2,1,1
LOC111106901,4,2,2
LOC111106905,2,1,1
LOC111106944,4,2,2
LOC111106946,1,2,-1
LOC111106952,2,1,1
LOC111106974,2,1,1
LOC111106979,1,2,-1
LOC111106980,12,13,-1
LOC111106984,0,1,-1
LOC111106989,1,0,1
LOC111106990,2,1,1
LOC111106992,3,2,1
LOC111106996,0,1,-1
LOC111106997,1,0,1
LOC111107004,0,1,-1
LOC111107009,4,3,1
LOC111107025,2,3,-1
LOC111107032,2,1,1
LOC111107041,1,2,-1
LOC111107046,5,4,1
LOC111107048,2,3,-1
LOC111107058,5,4,1
LOC111107064,10,8,2
LOC111107068,2,1,1
LOC111107073,0,1,-1
LOC111107076,0,1,-1
LOC111107077,0,1,-1
LOC111107079,0,1,-1
LOC111107084,4,3,1
LOC111107085,2,1,1
LOC111107090,0,1,-1
LOC111107094,1,4,-3
LOC111107095,0,1,-1
LOC111107096,4,1,3
LOC111107097,4,2,2
LOC111107099,4,3,1
LOC111107101,0,1,-1
LOC111107104,7,5,2
LOC111107128,0,1,-1
LOC111107129,0,1,-1
LOC111107136,2,1,1
LOC111107138,8,5,3
LOC111107143,2,1,1
LOC111107144,2,5,-3
LOC111107147,0,1,-1
LOC111107154,9,7,2
LOC111107155,5,8,-3
LOC111107161,0,1,-1
LOC111107184,1,0,1
LOC111107185,6,4,2
LOC111107186,1,2,-1
LOC111107197,2,1,1
LOC111107203,0,1,-1
LOC111107204,9,8,1
LOC111107211,0,1,-1
LOC111107223,0,1,-1
LOC111107224,4,5,-1
LOC111107241,2,1,1
LOC111107250,10,7,3
LOC111107253,3,2,1
LOC111107257,4,3,1
LOC111107266,2,4,-2
LOC111107271,2,3,-1
LOC111107278,9,8,1
LOC111107281,1,2,-1
LOC111107284,1,3,-2
LOC111107287,2,1,1
LOC111107298,3,2,1
LOC111107314,0,1,-1
LOC111107325,4,3,1
LOC111107328,7,9,-2
LOC111107342,4,3,1
LOC111107349,6,5,1
LOC111107352,0,1,-1
LOC111107360,2,3,-1
LOC111107363,4,3,1
LOC111107364,5,3,2
LOC111107370,1,2,-1
LOC111107371,2,1,1
LOC111107386,0,1,-1
LOC111107387,4,3,1
LOC111107397,1,0,1
LOC111107402,5,4,1
LOC111107404,4,3,1
LOC111107409,5,4,1
LOC111107417,0,1,-1
LOC111107424,1,2,-1
LOC111107435,0,1,-1
LOC111107437,2,1,1
LOC111107443,11,9,2
LOC111107475,0,1,-1
LOC111107485,2,1,1
LOC111107486,1,2,-1
LOC111107489,1,2,-1
LOC111107493,2,3,-1
LOC111107498,0,1,-1
LOC111107500,0,1,-1
LOC111107518,10,7,3
LOC111107523,2,1,1
LOC111107541,0,1,-1
LOC111107549,3,4,-1
LOC111107551,1,3,-2
LOC111107555,3,1,2
LOC111107556,1,2,-1
LOC111107560,5,4,1
LOC111107576,1,2,-1
LOC111107583,1,0,1
LOC111107585,1,0,1
LOC111107595,7,6,1
LOC111107596,2,1,1
LOC111107601,0,1,-1
LOC111107627,4,3,1
LOC111107631,1,2,-1
LOC111107637,1,2,-1
LOC111107662,2,4,-2
LOC111107668,3,2,1
LOC111107672,3,4,-1
LOC111107675,2,1,1
LOC111107695,9,5,4
LOC111107697,2,1,1
LOC111107701,1,2,-1
LOC111107704,2,1,1
LOC111107716,3,4,-1
LOC111107723,0,1,-1
LOC111107727,10,7,3
LOC111107731,11,9,2
LOC111107737,2,1,1
LOC111107739,3,5,-2
LOC111107740,0,1,-1
LOC111107745,0,1,-1
LOC111107746,0,1,-1
LOC111107760,2,1,1
LOC111107767,2,3,-1
LOC111107777,0,1,-1
LOC111107778,0,1,-1
LOC111107779,3,2,1
LOC111107786,3,2,1
LOC111107808,2,1,1
LOC111107822,3,4,-1
LOC111107823,2,3,-1
LOC111107827,6,5,1
LOC111107829,0,1,-1
LOC111107834,1,2,-1
LOC111107837,2,1,1
LOC111107852,4,3,1
LOC111107854,5,4,1
LOC111107858,2,1,1
LOC111107863,4,2,2
LOC111107864,0,1,-1
LOC111107870,0,1,-1
LOC111107907,4,3,1
LOC111107911,4,3,1
LOC111107913,15,12,3
LOC111107917,6,3,3
LOC111107930,2,1,1
LOC111107933,14,12,2
LOC111107935,2,3,-1
LOC111107938,2,3,-1
LOC111107940,1,2,-1
LOC111107943,0,1,-1
LOC111107947,2,3,-1
LOC111107949,2,3,-1
LOC111107953,1,2,-1
LOC111107955,5,4,1
LOC111107979,0,1,-1
LOC111107985,2,3,-1
LOC111107997,4,3,1
LOC111107998,0,1,-1
LOC111108000,0,1,-1
LOC111108006,8,6,2
LOC111108010,6,5,1
LOC111108012,2,1,1
LOC111108013,0,1,-1
LOC111108026,1,2,-1
LOC111108030,2,1,1
LOC111108034,0,1,-1
LOC111108035,0,1,-1
LOC111108038,3,2,1
LOC111108045,1,2,-1
LOC111108046,4,1,3
LOC111108048,2,1,1
LOC111108050,7,6,1
LOC111108054,2,1,1
LOC111108060,5,3,2
LOC111108061,6,4,2
LOC111108064,2,1,1
LOC111108071,1,2,-1
LOC111108073,0,1,-1
LOC111108075,0,1,-1
LOC111108079,0,1,-1
LOC111108086,22,12,10
LOC111108087,0,1,-1
LOC111108089,10,5,5
LOC111108091,2,1,1
LOC111108092,3,4,-1
LOC111108094,3,4,-1
LOC111108097,0,1,-1
LOC111108113,1,2,-1
LOC111108116,1,2,-1
LOC111108120,5,4,1
LOC111108121,1,4,-3
LOC111108124,15,14,1
LOC111108143,3,2,1
LOC111108144,3,2,1
LOC111108145,4,3,1
LOC111108148,4,2,2
LOC111108155,0,1,-1
LOC111108157,0,1,-1
LOC111108158,0,1,-1
LOC111108159,0,1,-1
LOC111108160,5,9,-4
LOC111108167,9,8,1
LOC111108168,0,1,-1
LOC111108169,1,3,-2
LOC111108170,3,2,1
LOC111108179,6,5,1
LOC111108181,3,2,1
LOC111108185,8,5,3
LOC111108186,2,11,-9
LOC111108194,0,2,-2
LOC111108199,4,3,1
LOC111108202,6,5,1
LOC111108204,2,3,-1
LOC111108222,1,4,-3
LOC111108228,3,4,-1
LOC111108236,0,1,-1
LOC111108248,6,4,2
LOC111108249,6,5,1
LOC111108261,0,1,-1
LOC111108265,3,2,1
LOC111108267,2,1,1
LOC111108274,4,3,1
LOC111108283,1,2,-1
LOC111108288,1,2,-1
LOC111108305,4,3,1
LOC111108314,3,2,1
LOC111108332,1,2,-1
LOC111108342,2,1,1
LOC111108353,4,2,2
LOC111108355,2,1,1
LOC111108357,4,3,1
LOC111108367,2,1,1
LOC111108368,2,1,1
LOC111108372,2,1,1
LOC111108379,3,2,1
LOC111108381,2,3,-1
LOC111108383,1,3,-2
LOC111108385,3,2,1
LOC111108399,1,2,-1
LOC111108403,3,2,1
LOC111108407,2,1,1
LOC111108410,4,3,1
LOC111108416,2,3,-1
LOC111108426,4,3,1
LOC111108428,4,5,-1
LOC111108435,2,1,1
LOC111108439,10,9,1
LOC111108443,4,3,1
LOC111108445,2,1,1
LOC111108451,3,1,2
LOC111108453,2,3,-1
LOC111108459,3,2,1
LOC111108460,2,1,1
LOC111108461,2,1,1
LOC111108479,5,4,1
LOC111108482,2,1,1
LOC111108492,2,1,1
LOC111108495,3,1,2
LOC111108501,8,5,3
LOC111108506,2,3,-1
LOC111108519,4,3,1
LOC111108523,6,4,2
LOC111108525,3,2,1
LOC111108530,2,1,1
LOC111108534,3,2,1
LOC111108535,2,1,1
LOC111108540,2,3,-1
LOC111108556,3,2,1
LOC111108558,1,2,-1
LOC111108560,4,3,1
LOC111108565,0,2,-2
LOC111108577,2,1,1
LOC111108578,2,1,1
LOC111108580,0,1,-1
LOC111108586,6,4,2
LOC111108615,3,4,-1
LOC111108622,1,2,-1
LOC111108628,2,3,-1
LOC111108636,1,2,-1
LOC111108644,1,2,-1
LOC111108648,1,2,-1
LOC111108653,7,6,1
LOC111108659,3,2,1
LOC111108662,4,3,1
LOC111108663,1,3,-2
LOC111108670,3,4,-1
LOC111108686,0,1,-1
LOC111108695,2,3,-1
LOC111108704,3,2,1
LOC111108708,2,1,1
LOC111108732,1,2,-1
LOC111108743,3,4,-1
LOC111108749,1,2,-1
LOC111108758,2,1,1
LOC111108769,5,7,-2
LOC111108771,1,3,-2
LOC111108772,2,4,-2
LOC111108782,2,3,-1
LOC111108795,0,1,-1
LOC111108799,4,3,1
LOC111108821,0,1,-1
LOC111108824,0,1,-1
LOC111108828,0,1,-1
LOC111108831,0,1,-1
LOC111108835,8,7,1
LOC111108838,0,1,-1
LOC111108841,1,0,1
LOC111108843,0,1,-1
LOC111108851,0,1,-1
LOC111108853,0,1,-1
LOC111108854,0,1,-1
LOC111108877,0,1,-1
LOC111108884,0,1,-1
LOC111108901,4,3,1
LOC111108905,0,1,-1
LOC111108909,0,1,-1
LOC111108937,0,1,-1
LOC111108944,0,1,-1
LOC111108976,0,1,-1
LOC111108977,0,1,-1
LOC111108978,0,1,-1
LOC111108983,0,1,-1
LOC111108988,0,1,-1
LOC111108990,1,0,1
LOC111109011,0,1,-1
LOC111109021,1,0,1
LOC111109023,0,1,-1
LOC111109028,1,2,-1
LOC111109042,0,1,-1
LOC111109043,2,3,-1
LOC111109065,0,1,-1
LOC111109077,0,1,-1
LOC111109105,3,4,-1
LOC111109154,2,1,1
LOC111109183,0,1,-1
LOC111109192,0,1,-1
LOC111109203,0,1,-1
LOC111109237,0,1,-1
LOC111109240,0,1,-1
LOC111109286,0,1,-1
LOC111109287,0,1,-1
LOC111109310,0,1,-1
LOC111109314,0,1,-1
LOC111109317,0,1,-1
LOC111109324,0,1,-1
LOC111109357,0,1,-1
LOC111109369,3,2,1
LOC111109378,0,1,-1
LOC111109383,0,1,-1
LOC111109384,0,1,-1
LOC111109393,0,1,-1
LOC111109394,0,1,-1
LOC111109404,6,2,4
LOC111109406,2,1,1
LOC111109410,2,1,1
LOC111109414,4,5,-1
LOC111109417,1,2,-1
LOC111109424,4,1,3
LOC111109447,1,2,-1
LOC111109450,1,2,-1
LOC111109455,2,3,-1
LOC111109456,4,2,2
LOC111109465,6,5,1
LOC111109474,0,1,-1
LOC111109484,6,1,5
LOC111109487,2,3,-1
LOC111109495,2,4,-2
LOC111109496,0,1,-1
LOC111109497,1,2,-1
LOC111109499,2,3,-1
LOC111109508,2,1,1
LOC111109510,2,1,1
LOC111109517,2,1,1
LOC111109524,2,1,1
LOC111109525,1,2,-1
LOC111109526,4,2,2
LOC111109527,5,4,1
LOC111109547,1,2,-1
LOC111109550,1,3,-2
LOC111109561,3,4,-1
LOC111109572,1,2,-1
LOC111109585,2,3,-1
LOC111109590,2,3,-1
LOC111109596,5,3,2
LOC111109606,3,1,2
LOC111109611,2,4,-2
LOC111109626,0,1,-1
LOC111109627,3,2,1
LOC111109630,1,2,-1
LOC111109634,1,2,-1
LOC111109641,1,3,-2
LOC111109644,0,1,-1
LOC111109646,1,2,-1
LOC111109649,4,3,1
LOC111109655,6,5,1
LOC111109657,6,5,1
LOC111109663,3,2,1
LOC111109693,4,2,2
LOC111109698,2,1,1
LOC111109711,2,1,1
LOC111109724,1,0,1
LOC111109727,1,2,-1
LOC111109741,1,2,-1
LOC111109768,4,3,1
LOC111109769,2,4,-2
LOC111109770,2,1,1
LOC111109783,1,2,-1
LOC111109786,3,2,1
LOC111109792,0,1,-1
LOC111109793,1,2,-1
LOC111109814,2,1,1
LOC111109829,1,2,-1
LOC111109840,1,2,-1
LOC111109846,1,2,-1
LOC111109852,1,2,-1
LOC111109855,2,1,1
LOC111109862,3,2,1
LOC111109867,0,1,-1
LOC111109871,0,1,-1
LOC111109872,0,1,-1
LOC111109873,2,1,1
LOC111109879,2,1,1
LOC111109885,5,6,-1
LOC111109889,2,1,1
LOC111109893,2,1,1
LOC111109910,2,1,1
LOC111109918,1,2,-1
LOC111109919,1,2,-1
LOC111109930,1,2,-1
LOC111109937,2,1,1
LOC111109944,1,2,-1
LOC111109949,7,6,1
LOC111109953,1,2,-1
LOC111109963,1,2,-1
LOC111109973,8,7,1
LOC111109974,1,2,-1
LOC111109981,4,3,1
LOC111109985,1,0,1
LOC111109990,2,1,1
LOC111109991,3,1,2
LOC111109993,10,8,2
LOC111110011,1,2,-1
LOC111110014,3,2,1
LOC111110017,2,3,-1
LOC111110021,3,4,-1
LOC111110024,1,2,-1
LOC111110026,0,1,-1
LOC111110036,0,1,-1
LOC111110038,3,2,1
LOC111110041,2,1,1
LOC111110046,0,1,-1
LOC111110051,2,3,-1
LOC111110073,1,3,-2
LOC111110074,1,0,1
LOC111110084,5,4,1
LOC111110089,3,2,1
LOC111110093,3,5,-2
LOC111110094,1,0,1
LOC111110100,2,1,1
LOC111110101,1,2,-1
LOC111110102,2,1,1
LOC111110104,2,1,1
LOC111110106,0,2,-2
LOC111110109,2,1,1
LOC111110120,1,2,-1
LOC111110127,4,5,-1
LOC111110134,0,1,-1
LOC111110136,1,2,-1
LOC111110142,5,3,2
LOC111110143,1,2,-1
LOC111110148,5,2,3
LOC111110171,1,2,-1
LOC111110177,0,1,-1
LOC111110179,4,3,1
LOC111110192,4,3,1
LOC111110196,0,1,-1
LOC111110199,3,4,-1
LOC111110204,2,1,1
LOC111110218,1,2,-1
LOC111110219,3,4,-1
LOC111110223,1,2,-1
LOC111110229,0,1,-1
LOC111110230,1,0,1
LOC111110231,0,1,-1
LOC111110244,6,7,-1
LOC111110250,5,4,1
LOC111110255,4,3,1
LOC111110279,0,1,-1
LOC111110280,5,3,2
LOC111110285,2,1,1
LOC111110286,0,1,-1
LOC111110293,0,1,-1
LOC111110296,5,3,2
LOC111110298,2,1,1
LOC111110303,1,2,-1
LOC111110316,5,3,2
LOC111110325,0,1,-1
LOC111110335,0,1,-1
LOC111110337,1,2,-1
LOC111110346,6,5,1
LOC111110347,11,5,6
LOC111110349,0,2,-2
LOC111110358,0,1,-1
LOC111110367,1,2,-1
LOC111110371,3,2,1
LOC111110394,3,2,1
LOC111110396,1,2,-1
LOC111110398,1,3,-2
LOC111110400,0,1,-1
LOC111110405,0,1,-1
LOC111110413,2,1,1
LOC111110421,4,3,1
LOC111110445,3,2,1
LOC111110462,0,1,-1
LOC111110476,4,5,-1
LOC111110477,2,3,-1
LOC111110494,3,2,1
LOC111110495,8,7,1
LOC111110503,5,4,1
LOC111110507,3,2,1
LOC111110509,1,2,-1
LOC111110513,0,1,-1
LOC111110517,8,7,1
LOC111110518,1,2,-1
LOC111110523,1,2,-1
LOC111110527,1,2,-1
LOC111110538,2,1,1
LOC111110540,3,4,-1
LOC111110542,3,2,1
LOC111110545,4,2,2
LOC111110553,1,0,1
LOC111110556,2,1,1
LOC111110585,1,2,-1
LOC111110595,1,2,-1
LOC111110614,0,1,-1
LOC111110617,0,1,-1
LOC111110620,0,1,-1
LOC111110626,0,1,-1
LOC111110632,1,2,-1
LOC111110633,3,2,1
LOC111110634,1,2,-1
LOC111110635,1,0,1
LOC111110637,5,4,1
LOC111110640,1,3,-2
LOC111110642,5,4,1
LOC111110648,2,1,1
LOC111110659,3,2,1
LOC111110671,2,5,-3
LOC111110672,1,2,-1
LOC111110680,0,1,-1
LOC111110715,1,2,-1
LOC111110730,0,1,-1
LOC111110737,0,1,-1
LOC111110738,1,3,-2
LOC111110743,2,3,-1
LOC111110744,3,2,1
LOC111110748,8,6,2
LOC111110749,1,2,-1
LOC111110756,3,4,-1
LOC111110763,0,1,-1
LOC111110769,0,1,-1
LOC111110772,0,1,-1
LOC111110773,0,1,-1
LOC111110781,1,2,-1
LOC111110783,2,1,1
LOC111110798,2,3,-1
LOC111110807,2,1,1
LOC111110808,0,1,-1
LOC111110814,2,1,1
LOC111110816,3,2,1
LOC111110817,1,3,-2
LOC111110820,2,4,-2
LOC111110823,2,3,-1
LOC111110828,3,2,1
LOC111110833,1,2,-1
LOC111110835,4,2,2
LOC111110837,0,1,-1
LOC111110839,1,2,-1
LOC111110845,1,2,-1
LOC111110857,2,3,-1
LOC111110863,3,4,-1
LOC111110866,0,1,-1
LOC111110867,6,4,2
LOC111110875,1,2,-1
LOC111110876,1,2,-1
LOC111110881,3,2,1
LOC111110883,1,2,-1
LOC111110894,1,2,-1
LOC111110897,1,2,-1
LOC111110909,0,1,-1
LOC111110910,3,5,-2
LOC111110914,0,1,-1
LOC111110916,0,1,-1
LOC111110918,0,1,-1
LOC111110919,0,1,-1
LOC111110928,0,1,-1
LOC111110929,2,3,-1
LOC111110933,1,0,1
LOC111110934,0,1,-1
LOC111110937,0,1,-1
LOC111110942,5,3,2
LOC111110946,9,7,2
LOC111110954,2,1,1
LOC111110965,5,4,1
LOC111110968,0,1,-1
LOC111110975,1,4,-3
LOC111110979,8,9,-1
LOC111110984,1,2,-1
LOC111110989,2,1,1
LOC111110991,1,0,1
LOC111110997,16,13,3
LOC111111013,5,4,1
LOC111111014,0,1,-1
LOC111111019,3,2,1
LOC111111020,0,1,-1
LOC111111025,2,3,-1
LOC111111028,3,2,1
LOC111111036,0,1,-1
LOC111111039,0,1,-1
LOC111111050,10,9,1
LOC111111054,2,3,-1
LOC111111056,3,1,2
LOC111111058,8,5,3
LOC111111064,2,1,1
LOC111111077,2,1,1
LOC111111082,0,1,-1
LOC111111097,1,2,-1
LOC111111099,1,2,-1
LOC111111101,0,1,-1
LOC111111103,0,1,-1
LOC111111109,1,0,1
LOC111111110,0,1,-1
LOC111111114,0,1,-1
LOC111111119,2,3,-1
LOC111111122,3,2,1
LOC111111124,6,5,1
LOC111111132,3,1,2
LOC111111134,0,2,-2
LOC111111135,1,2,-1
LOC111111138,0,1,-1
LOC111111147,0,1,-1
LOC111111155,2,1,1
LOC111111156,5,3,2
LOC111111161,2,1,1
LOC111111163,1,2,-1
LOC111111178,0,1,-1
LOC111111180,0,1,-1
LOC111111182,4,3,1
LOC111111212,2,1,1
LOC111111228,1,2,-1
LOC111111237,0,1,-1
LOC111111243,3,2,1
LOC111111244,1,2,-1
LOC111111255,2,5,-3
LOC111111274,4,3,1
LOC111111279,2,1,1
LOC111111289,2,4,-2
LOC111111290,2,1,1
LOC111111294,4,5,-1
LOC111111298,0,1,-1
LOC111111300,5,3,2
LOC111111331,1,3,-2
LOC111111333,6,7,-1
LOC111111337,1,2,-1
LOC111111343,1,2,-1
LOC111111346,1,0,1
LOC111111347,0,1,-1
LOC111111350,1,2,-1
LOC111111358,1,3,-2
LOC111111365,2,4,-2
LOC111111378,3,4,-1
LOC111111392,20,11,9
LOC111111400,1,2,-1
LOC111111403,2,3,-1
LOC111111406,1,0,1
LOC111111423,0,1,-1
LOC111111446,2,1,1
LOC111111451,4,3,1
LOC111111454,1,0,1
LOC111111464,2,4,-2
LOC111111465,1,2,-1
LOC111111467,2,1,1
LOC111111472,2,3,-1
LOC111111474,0,1,-1
LOC111111487,16,10,6
LOC111111494,1,2,-1
LOC111111507,1,0,1
LOC111111514,1,2,-1
LOC111111520,6,5,1
LOC111111525,1,2,-1
LOC111111527,5,3,2
LOC111111536,2,1,1
LOC111111537,5,4,1
LOC111111542,4,2,2
LOC111111546,2,3,-1
LOC111111556,1,2,-1
LOC111111569,3,4,-1
LOC111111582,1,2,-1
LOC111111589,1,3,-2
LOC111111593,1,2,-1
LOC111111599,6,5,1
LOC111111602,1,2,-1
LOC111111616,6,5,1
LOC111111620,1,2,-1
LOC111111624,2,3,-1
LOC111111635,0,1,-1
LOC111111640,1,2,-1
LOC111111644,0,1,-1
LOC111111646,8,5,3
LOC111111647,2,1,1
LOC111111657,2,3,-1
LOC111111663,2,1,1
LOC111111664,0,1,-1
LOC111111666,5,3,2
LOC111111674,1,2,-1
LOC111111676,2,1,1
LOC111111679,2,3,-1
LOC111111683,0,1,-1
LOC111111698,2,3,-1
LOC111111704,2,5,-3
LOC111111713,6,5,1
LOC111111715,1,2,-1
LOC111111727,0,1,-1
LOC111111733,0,1,-1
LOC111111748,1,2,-1
LOC111111750,1,4,-3
LOC111111751,1,2,-1
LOC111111772,2,1,1
LOC111111776,1,2,-1
LOC111111780,3,2,1
LOC111111790,0,1,-1
LOC111111809,1,2,-1
LOC111111812,3,2,1
LOC111111818,4,3,1
LOC111111821,2,1,1
LOC111111822,2,1,1
LOC111111823,2,1,1
LOC111111851,0,1,-1
LOC111111855,9,5,4
LOC111111856,0,1,-1
LOC111111864,1,2,-1
LOC111111867,1,2,-1
LOC111111879,1,2,-1
LOC111111883,1,2,-1
LOC111111906,2,3,-1
LOC111111912,1,2,-1
LOC111111916,2,1,1
LOC111111920,2,1,1
LOC111111927,0,1,-1
LOC111111940,1,2,-1
LOC111111943,1,2,-1
LOC111111946,2,3,-1
LOC111111954,0,1,-1
LOC111111956,2,1,1
LOC111111963,0,1,-1
LOC111111971,1,0,1
LOC111111975,5,4,1
LOC111111983,4,5,-1
LOC111111986,2,1,1
LOC111111998,3,2,1
LOC111112005,1,0,1
LOC111112006,17,5,12
LOC111112010,0,1,-1
LOC111112022,1,2,-1
LOC111112028,8,6,2
LOC111112037,2,3,-1
LOC111112040,2,1,1
LOC111112053,0,1,-1
LOC111112074,1,2,-1
LOC111112080,2,3,-1
LOC111112082,6,5,1
LOC111112086,3,2,1
LOC111112092,1,2,-1
LOC111112095,1,2,-1
LOC111112099,16,13,3
LOC111112114,4,5,-1
LOC111112121,1,2,-1
LOC111112126,7,5,2
LOC111112129,5,3,2
LOC111112130,10,5,5
LOC111112131,11,9,2
LOC111112137,2,4,-2
LOC111112138,1,2,-1
LOC111112152,1,2,-1
LOC111112166,1,2,-1
LOC111112167,0,1,-1
LOC111112171,2,3,-1
LOC111112173,2,3,-1
LOC111112178,2,1,1
LOC111112187,0,1,-1
LOC111112191,0,1,-1
LOC111112193,0,1,-1
LOC111112196,0,1,-1
LOC111112201,3,2,1
LOC111112204,4,5,-1
LOC111112214,5,4,1
LOC111112221,2,3,-1
LOC111112222,1,2,-1
LOC111112227,4,3,1
LOC111112229,0,1,-1
LOC111112230,0,1,-1
LOC111112235,0,1,-1
LOC111112243,0,1,-1
LOC111112244,0,1,-1
LOC111112251,3,2,1
LOC111112253,3,1,2
LOC111112255,0,1,-1
LOC111112257,0,1,-1
LOC111112260,5,4,1
LOC111112266,3,4,-1
LOC111112268,1,2,-1
LOC111112292,3,2,1
LOC111112296,5,4,1
LOC111112301,9,5,4
LOC111112306,0,1,-1
LOC111112307,14,11,3
LOC111112311,0,1,-1
LOC111112312,3,2,1
LOC111112317,0,1,-1
LOC111112330,5,4,1
LOC111112331,0,1,-1
LOC111112343,0,1,-1
LOC111112346,1,0,1
LOC111112347,0,1,-1
LOC111112350,4,7,-3
LOC111112352,3,6,-3
LOC111112358,1,2,-1
LOC111112365,1,2,-1
LOC111112369,2,1,1
LOC111112375,1,3,-2
LOC111112376,0,1,-1
LOC111112379,0,1,-1
LOC111112384,0,1,-1
LOC111112387,2,3,-1
LOC111112396,1,2,-1
LOC111112397,2,1,1
LOC111112400,5,4,1
LOC111112401,1,2,-1
LOC111112404,1,2,-1
LOC111112425,2,1,1
LOC111112433,3,4,-1
LOC111112440,1,2,-1
LOC111112441,1,2,-1
LOC111112446,1,2,-1
LOC111112450,1,2,-1
LOC111112451,1,2,-1
LOC111112452,3,4,-1
LOC111112457,1,0,1
LOC111112463,1,0,1
LOC111112478,2,3,-1
LOC111112487,5,3,2
LOC111112490,6,5,1
LOC111112493,0,1,-1
LOC111112506,1,2,-1
LOC111112510,2,3,-1
LOC111112512,0,1,-1
LOC111112514,1,0,1
LOC111112515,1,2,-1
LOC111112524,0,2,-2
LOC111112525,0,1,-1
LOC111112535,1,0,1
LOC111112558,4,3,1
LOC111112559,4,3,1
LOC111112568,2,1,1
LOC111112588,12,17,-5
LOC111112592,0,1,-1
LOC111112603,4,3,1
LOC111112605,26,19,7
LOC111112612,4,5,-1
LOC111112616,4,1,3
LOC111112617,1,2,-1
LOC111112619,2,1,1
LOC111112620,12,16,-4
LOC111112624,3,4,-1
LOC111112626,0,1,-1
LOC111112629,7,6,1
LOC111112635,4,2,2
LOC111112638,0,1,-1
LOC111112642,3,2,1
LOC111112653,5,3,2
LOC111112655,10,9,1
LOC111112657,1,3,-2
LOC111112658,2,1,1
LOC111112665,2,1,1
LOC111112666,2,3,-1
LOC111112669,3,4,-1
LOC111112671,2,1,1
LOC111112678,0,1,-1
LOC111112679,1,2,-1
LOC111112692,0,1,-1
LOC111112695,1,2,-1
LOC111112697,0,1,-1
LOC111112700,4,2,2
LOC111112702,1,0,1
LOC111112713,0,1,-1
LOC111112719,1,2,-1
LOC111112720,10,9,1
LOC111112724,0,1,-1
LOC111112733,9,8,1
LOC111112735,0,1,-1
LOC111112741,5,3,2
LOC111112744,5,6,-1
LOC111112752,5,4,1
LOC111112757,3,2,1
LOC111112762,1,2,-1
LOC111112766,1,2,-1
LOC111112769,0,1,-1
LOC111112773,2,1,1
LOC111112774,1,2,-1
LOC111112780,7,5,2
LOC111112781,2,3,-1
LOC111112785,0,1,-1
LOC111112790,2,1,1
LOC111112803,3,4,-1
LOC111112806,6,3,3
LOC111112810,3,5,-2
LOC111112811,4,5,-1
LOC111112821,1,2,-1
LOC111112826,1,2,-1
LOC111112838,0,1,-1
LOC111112839,4,6,-2
LOC111112846,5,3,2
LOC111112852,1,2,-1
LOC111112856,0,1,-1
LOC111112874,2,1,1
LOC111112883,4,3,1
LOC111112889,0,1,-1
LOC111112903,1,2,-1
LOC111112904,0,1,-1
LOC111112908,0,1,-1
LOC111112915,4,3,1
LOC111112916,1,2,-1
LOC111112922,2,3,-1
LOC111112958,0,1,-1
LOC111112964,2,1,1
LOC111112970,1,2,-1
LOC111112977,0,1,-1
LOC111112991,10,9,1
LOC111113007,1,2,-1
LOC111113019,2,3,-1
LOC111113024,1,2,-1
LOC111113027,2,1,1
LOC111113033,4,3,1
LOC111113035,2,3,-1
LOC111113040,3,2,1
LOC111113053,2,3,-1
LOC111113054,3,2,1
LOC111113057,2,3,-1
LOC111113069,1,2,-1
LOC111113074,0,1,-1
LOC111113075,0,2,-2
LOC111113078,0,1,-1
LOC111113082,2,1,1
LOC111113084,1,2,-1
LOC111113086,7,3,4
LOC111113088,0,2,-2
LOC111113089,0,1,-1
LOC111113090,5,3,2
LOC111113095,0,1,-1
LOC111113097,1,0,1
LOC111113100,2,1,1
LOC111113107,1,3,-2
LOC111113111,0,1,-1
LOC111113124,6,3,3
LOC111113125,3,4,-1
LOC111113129,7,5,2
LOC111113130,2,1,1
LOC111113134,4,3,1
LOC111113141,2,1,1
LOC111113146,0,1,-1
LOC111113147,0,1,-1
LOC111113151,0,1,-1
LOC111113154,0,1,-1
LOC111113157,8,5,3
LOC111113159,4,3,1
LOC111113163,10,9,1
LOC111113170,1,2,-1
LOC111113172,1,3,-2
LOC111113173,10,12,-2
LOC111113175,13,12,1
LOC111113177,6,5,1
LOC111113178,4,3,1
LOC111113184,0,2,-2
LOC111113185,1,2,-1
LOC111113188,4,2,2
LOC111113192,1,2,-1
LOC111113198,2,3,-1
LOC111113208,6,8,-2
LOC111113213,0,1,-1
LOC111113215,9,8,1
LOC111113223,1,2,-1
LOC111113225,1,3,-2
LOC111113231,1,2,-1
LOC111113238,23,12,11
LOC111113239,3,2,1
LOC111113255,0,1,-1
LOC111113257,1,2,-1
LOC111113260,7,4,3
LOC111113274,2,4,-2
LOC111113281,1,2,-1
LOC111113290,1,2,-1
LOC111113291,2,1,1
LOC111113300,1,3,-2
LOC111113311,1,2,-1
LOC111113327,1,3,-2
LOC111113345,4,3,1
LOC111113346,2,3,-1
LOC111113352,6,3,3
LOC111113355,9,7,2
LOC111113360,2,3,-1
LOC111113363,4,3,1
LOC111113371,3,2,1
LOC111113377,1,2,-1
LOC111113381,3,2,1
LOC111113385,3,2,1
LOC111113398,2,1,1
LOC111113399,5,4,1
LOC111113417,4,3,1
LOC111113418,2,1,1
LOC111113422,1,2,-1
LOC111113428,7,8,-1
LOC111113434,3,2,1
LOC111113440,2,3,-1
LOC111113457,0,1,-1
LOC111113481,0,1,-1
LOC111113515,0,1,-1
LOC111113524,1,4,-3
LOC111113530,0,1,-1
LOC111113539,0,1,-1
LOC111113540,0,1,-1
LOC111113553,0,1,-1
LOC111113555,0,1,-1
LOC111113601,1,0,1
LOC111113611,0,1,-1
LOC111113620,0,1,-1
LOC111113643,0,1,-1
LOC111113645,1,0,1
LOC111113654,0,1,-1
LOC111113656,1,0,1
LOC111113667,0,1,-1
LOC111113668,0,1,-1
LOC111113670,0,1,-1
LOC111113676,0,1,-1
LOC111113685,0,1,-1
LOC111113687,0,1,-1
LOC111113696,0,1,-1
LOC111113712,0,1,-1
LOC111113719,0,1,-1
LOC111113723,0,1,-1
LOC111113746,1,0,1
LOC111113760,1,0,1
LOC111113765,0,1,-1
LOC111113769,0,1,-1
LOC111113791,0,1,-1
LOC111113804,0,1,-1
LOC111113819,1,2,-1
LOC111113833,3,2,1
LOC111113842,0,1,-1
LOC111113867,0,1,-1
LOC111113869,0,1,-1
LOC111113871,1,2,-1
LOC111113874,0,1,-1
LOC111113875,0,1,-1
LOC111113876,0,1,-1
LOC111113886,0,1,-1
LOC111113906,1,0,1
LOC111113908,0,1,-1
LOC111113910,0,1,-1
LOC111113938,0,1,-1
LOC111113945,1,0,1
LOC111114037,2,1,1
LOC111114043,0,1,-1
LOC111114075,4,3,1
LOC111114103,1,2,-1
LOC111114120,1,2,-1
LOC111114124,0,1,-1
LOC111114134,6,4,2
LOC111114160,0,1,-1
LOC111114167,0,1,-1
LOC111114216,0,1,-1
LOC111114221,0,1,-1
LOC111114227,0,1,-1
LOC111114239,1,0,1
LOC111114271,0,1,-1
LOC111114284,0,1,-1
LOC111114312,0,1,-1
LOC111114320,0,1,-1
LOC111114321,0,1,-1
LOC111114347,13,7,6
LOC111114365,0,1,-1
LOC111114373,0,1,-1
LOC111114374,0,1,-1
LOC111114390,0,1,-1
LOC111114395,0,1,-1
LOC111114399,0,1,-1
LOC111114401,0,1,-1
LOC111114434,0,1,-1
LOC111114437,0,1,-1
LOC111114440,0,1,-1
LOC111114443,0,1,-1
LOC111114451,3,2,1
LOC111114454,1,2,-1
LOC111114460,4,2,2
LOC111114462,2,1,1
LOC111114475,2,3,-1
LOC111114488,4,5,-1
LOC111114491,1,3,-2
LOC111114492,1,3,-2
LOC111114495,2,3,-1
LOC111114511,0,1,-1
LOC111114513,0,1,-1
LOC111114519,2,1,1
LOC111114521,2,1,1
LOC111114547,2,1,1
LOC111114557,2,1,1
LOC111114566,1,2,-1
LOC111114568,1,2,-1
LOC111114587,2,3,-1
LOC111114612,0,1,-1
LOC111114614,1,2,-1
LOC111114616,4,2,2
LOC111114644,6,3,3
LOC111114645,0,1,-1
LOC111114647,2,1,1
LOC111114650,2,3,-1
LOC111114652,0,1,-1
LOC111114658,0,1,-1
LOC111114664,1,2,-1
LOC111114666,2,1,1
LOC111114669,5,4,1
LOC111114676,4,3,1
LOC111114682,1,2,-1
LOC111114683,1,2,-1
LOC111114685,1,2,-1
LOC111114692,1,2,-1
LOC111114705,3,2,1
LOC111114714,3,4,-1
LOC111114715,4,3,1
LOC111114721,3,4,-1
LOC111114725,1,2,-1
LOC111114727,1,2,-1
LOC111114730,1,2,-1
LOC111114732,1,2,-1
LOC111114735,1,2,-1
LOC111114740,1,2,-1
LOC111114752,0,1,-1
LOC111114753,3,2,1
LOC111114755,1,3,-2
LOC111114770,1,2,-1
LOC111114771,6,4,2
LOC111114781,1,2,-1
LOC111114791,1,2,-1
LOC111114793,1,2,-1
LOC111114794,2,1,1
LOC111114803,3,2,1
LOC111114807,13,8,5
LOC111114816,3,2,1
LOC111114820,5,3,2
LOC111114825,1,3,-2
LOC111114828,1,2,-1
LOC111114836,4,3,1
LOC111114842,5,2,3
LOC111114853,3,2,1
LOC111114855,3,1,2
LOC111114859,3,2,1
LOC111114862,2,3,-1
LOC111114865,2,3,-1
LOC111114879,2,1,1
LOC111114882,3,4,-1
LOC111114887,4,2,2
LOC111114891,1,2,-1
LOC111114900,6,7,-1
LOC111114901,7,8,-1
LOC111114902,4,2,2
LOC111114910,3,4,-1
LOC111114913,9,6,3
LOC111114921,2,1,1
LOC111114928,1,2,-1
LOC111114929,2,3,-1
LOC111114947,5,4,1
LOC111114949,1,2,-1
LOC111114954,1,3,-2
LOC111114958,2,1,1
LOC111114960,1,2,-1
LOC111114967,2,3,-1
LOC111114977,4,5,-1
LOC111114979,4,3,1
LOC111114985,2,1,1
LOC111114987,3,2,1
LOC111114997,2,1,1
LOC111115000,1,2,-1
LOC111115001,2,1,1
LOC111115004,0,1,-1
LOC111115007,0,1,-1
LOC111115019,1,2,-1
LOC111115023,0,1,-1
LOC111115025,0,2,-2
LOC111115039,1,0,1
LOC111115048,2,1,1
LOC111115056,0,1,-1
LOC111115084,2,3,-1
LOC111115085,1,2,-1
LOC111115091,1,2,-1
LOC111115092,4,5,-1
LOC111115099,4,2,2
LOC111115102,1,2,-1
LOC111115105,1,2,-1
LOC111115107,7,4,3
LOC111115120,3,1,2
LOC111115122,14,7,7
LOC111115123,6,8,-2
LOC111115138,3,4,-1
LOC111115142,1,0,1
LOC111115152,0,1,-1
LOC111115154,1,2,-1
LOC111115160,1,0,1
LOC111115163,2,1,1
LOC111115175,1,2,-1
LOC111115176,1,3,-2
LOC111115182,1,2,-1
LOC111115192,2,1,1
LOC111115199,2,1,1
LOC111115202,2,1,1
LOC111115203,2,3,-1
LOC111115206,1,2,-1
LOC111115214,1,0,1
LOC111115219,2,1,1
LOC111115229,0,1,-1
LOC111115235,2,1,1
LOC111115238,1,2,-1
LOC111115251,1,2,-1
LOC111115253,3,1,2
LOC111115255,4,3,1
LOC111115257,2,3,-1
LOC111115259,2,4,-2
LOC111115277,4,3,1
LOC111115282,0,1,-1
LOC111115287,0,2,-2
LOC111115290,0,1,-1
LOC111115295,2,0,2
LOC111115298,1,2,-1
LOC111115313,1,0,1
LOC111115314,0,1,-1
LOC111115322,1,2,-1
LOC111115324,3,2,1
LOC111115328,0,1,-1
LOC111115333,4,3,1
LOC111115337,0,1,-1
LOC111115341,6,4,2
LOC111115342,3,7,-4
LOC111115349,0,1,-1
LOC111115352,0,1,-1
LOC111115353,1,3,-2
LOC111115356,2,1,1
LOC111115367,1,2,-1
LOC111115370,2,1,1
LOC111115373,1,2,-1
LOC111115389,1,2,-1
LOC111115409,1,2,-1
LOC111115416,2,1,1
LOC111115419,6,4,2
LOC111115422,2,1,1
LOC111115434,1,2,-1
LOC111115436,0,1,-1
LOC111115437,2,1,1
LOC111115440,0,1,-1
LOC111115441,10,7,3
LOC111115448,0,1,-1
LOC111115453,1,2,-1
LOC111115459,0,1,-1
LOC111115471,2,1,1
LOC111115474,5,3,2
LOC111115476,0,1,-1
LOC111115478,0,1,-1
LOC111115484,2,1,1
LOC111115500,6,4,2
LOC111115502,0,1,-1
LOC111115511,1,0,1
LOC111115512,0,1,-1
LOC111115513,0,1,-1
LOC111115516,0,1,-1
LOC111115531,1,2,-1
LOC111115544,1,2,-1
LOC111115545,2,1,1
LOC111115549,2,3,-1
LOC111115551,6,3,3
LOC111115552,0,1,-1
LOC111115556,4,2,2
LOC111115563,0,1,-1
LOC111115566,2,1,1
LOC111115579,2,3,-1
LOC111115591,2,1,1
LOC111115596,1,2,-1
LOC111115599,1,2,-1
LOC111115602,0,1,-1
LOC111115612,13,9,4
LOC111115617,1,2,-1
LOC111115622,2,1,1
LOC111115624,6,5,1
LOC111115625,0,1,-1
LOC111115638,3,2,1
LOC111115650,2,1,1
LOC111115656,2,3,-1
LOC111115659,1,2,-1
LOC111115664,0,1,-1
LOC111115699,3,2,1
LOC111115700,0,1,-1
LOC111115704,2,1,1
LOC111115711,1,2,-1
LOC111115727,0,1,-1
LOC111115740,4,5,-1
LOC111115743,1,2,-1
LOC111115746,1,3,-2
LOC111115763,0,1,-1
LOC111115765,1,2,-1
LOC111115775,2,3,-1
LOC111115787,0,1,-1
LOC111115790,3,1,2
LOC111115794,2,1,1
LOC111115795,14,11,3
LOC111115805,1,0,1
LOC111115815,2,1,1
LOC111115824,3,2,1
LOC111115832,5,4,1
LOC111115835,0,1,-1
LOC111115841,3,2,1
LOC111115842,2,1,1
LOC111115844,9,7,2
LOC111115851,1,2,-1
LOC111115862,0,1,-1
LOC111115867,1,0,1
LOC111115869,2,1,1
LOC111115871,4,3,1
LOC111115873,2,1,1
LOC111115876,2,3,-1
LOC111115878,3,2,1
LOC111115879,7,5,2
LOC111115882,1,3,-2
LOC111115885,1,2,-1
LOC111115890,1,2,-1
LOC111115892,0,1,-1
LOC111115896,9,8,1
LOC111115897,1,2,-1
LOC111115900,1,3,-2
LOC111115912,3,4,-1
LOC111115920,2,4,-2
LOC111115931,0,1,-1
LOC111115949,2,3,-1
LOC111115951,0,1,-1
LOC111115962,4,3,1
LOC111115973,4,3,1
LOC111115974,1,2,-1
LOC111115976,3,2,1
LOC111115979,2,5,-3
LOC111115980,2,1,1
LOC111115981,1,2,-1
LOC111115991,0,1,-1
LOC111115994,0,1,-1
LOC111116003,4,3,1
LOC111116005,1,2,-1
LOC111116010,0,1,-1
LOC111116011,1,3,-2
LOC111116017,4,3,1
LOC111116037,1,3,-2
LOC111116042,18,15,3
LOC111116048,0,1,-1
LOC111116061,0,1,-1
LOC111116063,0,1,-1
LOC111116067,1,0,1
LOC111116082,6,4,2
LOC111116087,2,1,1
LOC111116088,3,2,1
LOC111116096,0,1,-1
LOC111116098,4,2,2
LOC111116100,1,2,-1
LOC111116105,0,1,-1
LOC111116114,0,1,-1
LOC111116119,0,2,-2
LOC111116124,3,4,-1
LOC111116127,0,1,-1
LOC111116128,2,3,-1
LOC111116147,0,1,-1
LOC111116156,4,3,1
LOC111116176,3,2,1
LOC111116201,2,1,1
LOC111116220,2,3,-1
LOC111116258,1,2,-1
LOC111116288,0,1,-1
LOC111116303,0,1,-1
LOC111116352,15,11,4
LOC111116495,0,1,-1
LOC111116496,0,1,-1
LOC111116519,9,7,2
LOC111116550,0,1,-1
LOC111116552,0,1,-1
LOC111116561,0,1,-1
LOC111116565,1,0,1
LOC111116581,2,1,1
LOC111116607,13,10,3
LOC111116628,2,1,1
LOC111116629,2,1,1
LOC111116632,1,3,-2
LOC111116633,1,2,-1
LOC111116638,0,1,-1
LOC111116665,4,1,3
LOC111116681,1,0,1
LOC111116690,0,1,-1
LOC111116693,1,2,-1
LOC111116696,2,1,1
LOC111116724,1,2,-1
LOC111116725,1,2,-1
LOC111116730,3,1,2
LOC111116747,6,3,3
LOC111116752,3,2,1
LOC111116762,1,2,-1
LOC111116769,4,2,2
LOC111116774,2,1,1
LOC111116787,2,4,-2
LOC111116790,2,1,1
LOC111116791,2,1,1
LOC111116793,3,2,1
LOC111116794,1,2,-1
LOC111116795,3,4,-1
LOC111116820,0,1,-1
LOC111116821,1,2,-1
LOC111116828,2,1,1
LOC111116831,1,2,-1
LOC111116840,3,4,-1
LOC111116844,1,2,-1
LOC111116845,2,4,-2
LOC111116851,2,1,1
LOC111116869,7,11,-4
LOC111116890,2,5,-3
LOC111116894,1,2,-1
LOC111116897,1,0,1
LOC111116900,1,0,1
LOC111116907,1,2,-1
LOC111116912,1,2,-1
LOC111116919,2,1,1
LOC111116926,2,1,1
LOC111116960,2,1,1
LOC111116965,9,8,1
LOC111116972,1,2,-1
LOC111116982,1,2,-1
LOC111116984,4,3,1
LOC111116986,0,1,-1
LOC111116994,2,3,-1
LOC111117014,1,0,1
LOC111117016,4,3,1
LOC111117024,3,2,1
LOC111117029,2,1,1
LOC111117035,2,1,1
LOC111117040,3,4,-1
LOC111117045,2,1,1
LOC111117048,2,1,1
LOC111117051,2,1,1
LOC111117064,0,1,-1
LOC111117079,0,1,-1
LOC111117083,5,4,1
LOC111117085,5,4,1
LOC111117103,2,3,-1
LOC111117104,2,1,1
LOC111117117,3,2,1
LOC111117139,2,3,-1
LOC111117153,4,3,1
LOC111117185,0,1,-1
LOC111117272,0,1,-1
LOC111117288,3,2,1
LOC111117298,1,2,-1
LOC111117310,3,4,-1
LOC111117327,1,2,-1
LOC111117329,1,0,1
LOC111117330,10,9,1
LOC111117339,1,0,1
LOC111117340,1,2,-1
LOC111117341,5,4,1
LOC111117363,2,3,-1
LOC111117366,2,1,1
LOC111117369,2,4,-2
LOC111117378,2,1,1
LOC111117383,0,1,-1
LOC111117400,4,3,1
LOC111117403,5,4,1
LOC111117417,14,10,4
LOC111117447,1,2,-1
LOC111117454,2,1,1
LOC111117456,9,7,2
LOC111117461,1,2,-1
LOC111117468,2,3,-1
LOC111117475,6,3,3
LOC111117491,1,2,-1
LOC111117496,3,5,-2
LOC111117500,3,2,1
LOC111117507,1,2,-1
LOC111117517,1,2,-1
LOC111117525,4,2,2
LOC111117533,8,6,2
LOC111117538,2,1,1
LOC111117544,2,1,1
LOC111117564,0,1,-1
LOC111117565,2,1,1
LOC111117580,2,4,-2
LOC111117584,1,2,-1
LOC111117616,2,1,1
LOC111117621,2,1,1
LOC111117629,1,2,-1
LOC111117637,2,1,1
LOC111117641,2,1,1
LOC111117650,5,3,2
LOC111117654,1,2,-1
LOC111117659,1,2,-1
LOC111117670,3,2,1
LOC111117699,1,2,-1
LOC111117706,2,1,1
LOC111117707,2,1,1
LOC111117711,4,2,2
LOC111117722,4,3,1
LOC111117728,1,2,-1
LOC111117730,4,3,1
LOC111117731,4,3,1
LOC111117736,6,5,1
LOC111117737,1,2,-1
LOC111117739,11,8,3
LOC111117740,14,12,2
LOC111117745,5,6,-1
LOC111117755,5,6,-1
LOC111117756,1,2,-1
LOC111117771,3,2,1
LOC111117779,0,1,-1
LOC111117802,1,2,-1
LOC111117826,1,0,1
LOC111117831,0,1,-1
LOC111117832,1,2,-1
LOC111117833,2,1,1
LOC111117861,10,5,5
LOC111117870,1,2,-1
LOC111117880,2,1,1
LOC111117884,0,1,-1
LOC111117902,1,2,-1
LOC111117910,5,4,1
LOC111117926,2,3,-1
LOC111117939,0,1,-1
LOC111117968,3,5,-2
LOC111117983,1,2,-1
LOC111117987,1,2,-1
LOC111117992,2,3,-1
LOC111117997,4,3,1
LOC111118014,2,1,1
LOC111118021,0,1,-1
LOC111118026,8,6,2
LOC111118028,2,1,1
LOC111118040,5,4,1
LOC111118054,2,1,1
LOC111118058,2,3,-1
LOC111118074,1,3,-2
LOC111118088,2,1,1
LOC111118110,1,2,-1
LOC111118116,2,1,1
LOC111118123,1,2,-1
LOC111118124,3,2,1
LOC111118132,1,2,-1
LOC111118137,3,2,1
LOC111118150,5,4,1
LOC111118172,2,1,1
LOC111118174,1,2,-1
LOC111118184,3,2,1
LOC111118203,3,1,2
LOC111118210,3,2,1
LOC111118229,1,3,-2
LOC111118234,4,3,1
LOC111118261,0,1,-1
LOC111118268,2,1,1
LOC111118269,2,1,1
LOC111118272,2,3,-1
LOC111118284,2,1,1
LOC111118315,6,4,2
LOC111118367,12,10,2
LOC111118371,5,4,1
LOC111118379,14,10,4
LOC111118393,3,2,1
LOC111118396,1,2,-1
LOC111118399,1,2,-1
LOC111118407,16,9,7
LOC111118410,2,3,-1
LOC111118417,2,1,1
LOC111118419,3,2,1
LOC111118423,0,1,-1
LOC111118424,4,3,1
LOC111118432,1,2,-1
LOC111118439,6,4,2
LOC111118449,4,5,-1
LOC111118458,1,2,-1
LOC111118463,5,2,3
LOC111118465,2,1,1
LOC111118486,2,3,-1
LOC111118491,2,1,1
LOC111118494,4,5,-1
LOC111118497,9,7,2
LOC111118516,1,2,-1
LOC111118541,3,2,1
LOC111118550,2,1,1
LOC111118555,2,1,1
LOC111118558,9,6,3
LOC111118562,3,2,1
LOC111118564,2,1,1
LOC111118570,6,7,-1
LOC111118575,1,2,-1
LOC111118577,1,2,-1
LOC111118579,1,2,-1
LOC111118580,1,2,-1
LOC111118584,1,2,-1
LOC111118601,3,2,1
LOC111118619,2,1,1
LOC111118654,8,5,3
LOC111118657,3,4,-1
LOC111118670,0,1,-1
LOC111118674,0,1,-1
LOC111118681,1,0,1
LOC111118684,7,5,2
LOC111118686,3,2,1
LOC111118695,1,2,-1
LOC111118705,3,2,1
LOC111118714,4,3,1
LOC111118720,2,1,1
LOC111118721,3,2,1
LOC111118726,1,2,-1
LOC111118728,1,2,-1
LOC111118732,2,1,1
LOC111118736,0,1,-1
LOC111118753,3,2,1
LOC111118778,1,2,-1
LOC111118780,3,2,1
LOC111118783,2,3,-1
LOC111118790,4,3,1
LOC111118802,1,2,-1
LOC111118813,5,4,1
LOC111118817,2,1,1
LOC111118823,8,7,1
LOC111118831,3,2,1
LOC111118838,2,1,1
LOC111118842,1,2,-1
LOC111118850,2,1,1
LOC111118862,0,1,-1
LOC111118865,0,1,-1
LOC111118870,5,4,1
LOC111118880,2,1,1
LOC111118883,2,3,-1
LOC111118893,2,1,1
LOC111118898,5,3,2
LOC111118900,2,1,1
LOC111118902,0,1,-1
LOC111118906,4,5,-1
LOC111118910,4,3,1
LOC111118925,3,4,-1
LOC111118929,1,0,1
LOC111118935,2,1,1
LOC111118936,1,2,-1
LOC111118938,6,3,3
LOC111118944,6,7,-1
LOC111118952,1,2,-1
LOC111118955,3,2,1
LOC111118991,0,1,-1
LOC111118998,0,1,-1
LOC111119000,3,2,1
LOC111119008,13,14,-1
LOC111119012,2,3,-1
LOC111119015,8,7,1
LOC111119016,3,5,-2
LOC111119019,3,2,1
LOC111119021,4,3,1
LOC111119030,3,2,1
LOC111119033,4,5,-1
LOC111119041,3,2,1
LOC111119072,4,3,1
LOC111119077,4,3,1
LOC111119084,4,3,1
LOC111119100,7,3,4
LOC111119101,6,5,1
LOC111119104,3,2,1
LOC111119115,2,3,-1
LOC111119125,2,1,1
LOC111119141,2,1,1
LOC111119148,8,5,3
LOC111119151,5,4,1
LOC111119181,2,3,-1
LOC111119183,4,3,1
LOC111119184,8,5,3
LOC111119187,9,5,4
LOC111119192,2,1,1
LOC111119197,2,1,1
LOC111119209,8,5,3
LOC111119220,6,4,2
LOC111119225,4,3,1
LOC111119226,7,6,1
LOC111119231,9,7,2
LOC111119255,5,9,-4
LOC111119264,2,1,1
LOC111119267,3,5,-2
LOC111119273,2,1,1
LOC111119282,4,2,2
LOC111119286,2,3,-1
LOC111119297,9,6,3
LOC111119298,3,2,1
LOC111119299,1,2,-1
LOC111119310,1,2,-1
LOC111119319,6,4,2
LOC111119326,2,3,-1
LOC111119329,0,1,-1
LOC111119335,0,1,-1
LOC111119344,0,1,-1
LOC111119353,2,1,1
LOC111119355,2,1,1
LOC111119358,5,4,1
LOC111119360,8,7,1
LOC111119376,6,5,1
LOC111119395,4,2,2
LOC111119397,6,5,1
LOC111119401,7,6,1
LOC111119414,1,2,-1
LOC111119421,3,4,-1
LOC111119422,17,13,4
LOC111119426,7,8,-1
LOC111119466,3,2,1
LOC111119468,1,2,-1
LOC111119469,3,2,1
LOC111119485,3,2,1
LOC111119490,4,3,1
LOC111119511,2,1,1
LOC111119530,9,8,1
LOC111119535,14,9,5
LOC111119546,1,2,-1
LOC111119547,2,3,-1
LOC111119551,3,1,2
LOC111119552,6,4,2
LOC111119560,2,1,1
LOC111119562,4,3,1
LOC111119563,2,1,1
LOC111119571,9,7,2
LOC111119573,3,2,1
LOC111119574,6,11,-5
LOC111119585,6,5,1
LOC111119586,8,7,1
LOC111119594,12,11,1
LOC111119596,7,5,2
LOC111119600,9,6,3
LOC111119603,2,4,-2
LOC111119610,1,2,-1
LOC111119616,6,4,2
LOC111119620,7,6,1
LOC111119621,9,6,3
LOC111119640,18,8,10
LOC111119643,5,4,1
LOC111119644,3,4,-1
LOC111119655,4,3,1
LOC111119663,1,2,-1
LOC111119667,2,1,1
LOC111119680,2,4,-2
LOC111119681,3,2,1
LOC111119700,5,4,1
LOC111119705,1,2,-1
LOC111119708,3,2,1
LOC111119720,3,2,1
LOC111119727,6,5,1
LOC111119733,9,8,1
LOC111119748,2,1,1
LOC111119752,4,2,2
LOC111119756,3,2,1
LOC111119769,4,2,2
LOC111119770,1,2,-1
LOC111119771,4,3,1
LOC111119778,4,3,1
LOC111119786,6,5,1
LOC111119793,2,3,-1
LOC111119800,2,3,-1
LOC111119819,3,4,-1
LOC111119832,2,1,1
LOC111119843,2,3,-1
LOC111119848,2,4,-2
LOC111119853,2,1,1
LOC111119857,6,4,2
LOC111119863,2,1,1
LOC111119864,7,6,1
LOC111119865,2,1,1
LOC111119866,4,5,-1
LOC111119867,3,4,-1
LOC111119883,2,1,1
LOC111119925,1,2,-1
LOC111119945,3,2,1
LOC111119997,2,3,-1
LOC111120008,3,2,1
LOC111120018,7,8,-1
LOC111120020,2,3,-1
LOC111120023,3,2,1
LOC111120027,2,3,-1
LOC111120034,5,2,3
LOC111120045,2,1,1
LOC111120050,4,3,1
LOC111120061,1,0,1
LOC111120068,3,4,-1
LOC111120071,2,3,-1
LOC111120077,4,3,1
LOC111120089,6,5,1
LOC111120097,0,1,-1
LOC111120100,2,3,-1
LOC111120101,5,4,1
LOC111120106,2,1,1
LOC111120112,4,5,-1
LOC111120114,3,2,1
LOC111120121,4,2,2
LOC111120125,4,3,1
LOC111120128,9,5,4
LOC111120132,4,3,1
LOC111120134,5,3,2
LOC111120179,2,4,-2
LOC111120210,0,1,-1
LOC111120213,0,1,-1
LOC111120220,1,0,1
LOC111120239,0,1,-1
LOC111120244,2,3,-1
LOC111120257,0,1,-1
LOC111120262,7,4,3
LOC111120289,0,1,-1
LOC111120300,0,1,-1
LOC111120378,0,1,-1
LOC111120381,1,2,-1
LOC111120403,0,1,-1
LOC111120407,1,2,-1
LOC111120423,0,1,-1
LOC111120464,0,1,-1
LOC111120465,0,1,-1
LOC111120466,1,2,-1
LOC111120470,1,2,-1
LOC111120472,1,2,-1
LOC111120478,3,2,1
LOC111120479,3,2,1
LOC111120480,3,2,1
LOC111120485,3,4,-1
LOC111120491,3,4,-1
LOC111120506,3,2,1
LOC111120510,2,4,-2
LOC111120515,4,3,1
LOC111120518,5,4,1
LOC111120524,7,3,4
LOC111120532,2,1,1
LOC111120588,2,3,-1
LOC111120589,3,2,1
LOC111120593,6,9,-3
LOC111120594,5,4,1
LOC111120596,5,4,1
LOC111120598,6,7,-1
LOC111120610,2,4,-2
LOC111120626,4,2,2
LOC111120634,3,2,1
LOC111120635,1,2,-1
LOC111120646,5,7,-2
LOC111120657,7,9,-2
LOC111120658,1,2,-1
LOC111120669,2,1,1
LOC111120676,7,6,1
LOC111120678,5,4,1
LOC111120684,4,2,2
LOC111120689,1,2,-1
LOC111120692,2,3,-1
LOC111120721,2,1,1
LOC111120723,3,2,1
LOC111120727,2,1,1
LOC111120729,2,3,-1
LOC111120734,2,3,-1
LOC111120759,9,8,1
LOC111120761,6,3,3
LOC111120768,2,1,1
LOC111120774,3,2,1
LOC111120778,6,5,1
LOC111120796,2,4,-2
LOC111120801,3,2,1
LOC111120802,2,1,1
LOC111120813,3,2,1
LOC111120819,2,3,-1
LOC111120823,4,2,2
LOC111120824,4,2,2
LOC111120840,3,1,2
LOC111120857,2,1,1
LOC111120859,1,0,1
LOC111120874,7,6,1
LOC111120898,6,7,-1
LOC111120913,3,2,1
LOC111120915,6,4,2
LOC111120921,4,3,1
LOC111120922,3,2,1
LOC111120924,2,3,-1
LOC111120933,4,5,-1
LOC111120950,6,5,1
LOC111120964,5,4,1
LOC111120967,4,5,-1
LOC111120969,5,4,1
LOC111120979,4,3,1
LOC111121006,4,5,-1
LOC111121012,2,1,1
LOC111121028,3,2,1
LOC111121029,4,2,2
LOC111121032,2,1,1
LOC111121068,6,5,1
LOC111121069,2,1,1
LOC111121071,3,2,1
LOC111121072,2,1,1
LOC111121073,7,4,3
LOC111121075,1,2,-1
LOC111121103,2,3,-1
LOC111121128,4,3,1
LOC111121138,3,2,1
LOC111121141,5,4,1
LOC111121154,2,1,1
LOC111121172,1,2,-1
LOC111121175,7,8,-1
LOC111121184,16,12,4
LOC111121186,3,5,-2
LOC111121189,1,2,-1
LOC111121214,2,1,1
LOC111121220,2,3,-1
LOC111121247,1,2,-1
LOC111121257,4,5,-1
LOC111121258,1,2,-1
LOC111121265,3,2,1
LOC111121273,4,3,1
LOC111121277,3,4,-1
LOC111121298,3,2,1
LOC111121311,2,4,-2
LOC111121313,12,11,1
LOC111121323,7,6,1
LOC111121325,1,2,-1
LOC111121332,2,1,1
LOC111121344,2,1,1
LOC111121353,1,2,-1
LOC111121357,6,3,3
LOC111121377,1,3,-2
LOC111121381,2,3,-1
LOC111121399,2,1,1
LOC111121405,4,6,-2
LOC111121415,4,3,1
LOC111121417,4,2,2
LOC111121427,3,2,1
LOC111121430,2,1,1
LOC111121431,2,1,1
LOC111121454,2,1,1
LOC111121470,1,2,-1
LOC111121471,3,2,1
LOC111121476,2,1,1
LOC111121492,2,1,1
LOC111121493,2,1,1
LOC111121521,2,3,-1
LOC111121523,5,4,1
LOC111121530,6,5,1
LOC111121535,1,3,-2
LOC111121548,2,1,1
LOC111121558,2,1,1
LOC111121562,2,3,-1
LOC111121565,4,2,2
LOC111121571,1,2,-1
LOC111121572,3,2,1
LOC111121583,3,2,1
LOC111121586,3,2,1
LOC111121598,1,2,-1
LOC111121612,1,2,-1
LOC111121651,2,1,1
LOC111121655,6,3,3
LOC111121669,1,2,-1
LOC111121672,3,2,1
LOC111121706,2,3,-1
LOC111121709,2,1,1
LOC111121712,6,5,1
LOC111121718,3,2,1
LOC111121734,5,4,1
LOC111121736,1,2,-1
LOC111121739,4,3,1
LOC111121740,4,3,1
LOC111121742,2,3,-1
LOC111121743,5,1,4
LOC111121744,3,2,1
LOC111121786,2,1,1
LOC111121821,0,1,-1
LOC111121830,3,4,-1
LOC111121839,11,8,3
LOC111121842,2,1,1
LOC111121846,3,2,1
LOC111121847,3,2,1
LOC111121849,4,3,1
LOC111121852,2,1,1
LOC111121880,2,3,-1
LOC111121905,1,2,-1
LOC111121921,1,3,-2
LOC111121927,2,1,1
LOC111121930,1,2,-1
LOC111121983,4,3,1
LOC111121984,5,4,1
LOC111121986,4,3,1
LOC111121993,2,3,-1
LOC111121994,1,2,-1
LOC111122009,0,1,-1
LOC111122016,8,7,1
LOC111122018,2,1,1
LOC111122047,2,4,-2
LOC111122060,4,5,-1
LOC111122063,1,3,-2
LOC111122066,10,6,4
LOC111122072,5,3,2
LOC111122108,16,10,6
LOC111122136,7,6,1
LOC111122144,3,4,-1
LOC111122145,9,4,5
LOC111122147,0,1,-1
LOC111122159,4,3,1
LOC111122167,2,4,-2
LOC111122170,3,2,1
LOC111122189,2,1,1
LOC111122196,0,1,-1
LOC111122205,2,3,-1
LOC111122206,1,2,-1
LOC111122213,1,2,-1
LOC111122216,1,3,-2
LOC111122240,1,2,-1
LOC111122241,3,1,2
LOC111122242,1,2,-1
LOC111122267,0,1,-1
LOC111122284,1,2,-1
LOC111122285,1,2,-1
LOC111122291,6,5,1
LOC111122295,3,2,1
LOC111122299,2,3,-1
LOC111122300,3,4,-1
LOC111122301,2,3,-1
LOC111122315,1,2,-1
LOC111122316,30,20,10
LOC111122317,2,1,1
LOC111122324,0,1,-1
LOC111122329,5,4,1
LOC111122333,4,3,1
LOC111122336,1,2,-1
LOC111122344,2,1,1
LOC111122351,4,3,1
LOC111122354,4,3,1
LOC111122356,1,5,-4
LOC111122357,1,2,-1
LOC111122363,2,3,-1
LOC111122368,6,11,-5
LOC111122373,0,1,-1
LOC111122377,4,3,1
LOC111122379,1,2,-1
LOC111122387,2,1,1
LOC111122419,2,4,-2
LOC111122420,1,2,-1
LOC111122434,2,3,-1
LOC111122443,2,1,1
LOC111122446,6,5,1
LOC111122456,3,2,1
LOC111122458,0,1,-1
LOC111122494,7,6,1
LOC111122511,3,4,-1
LOC111122521,1,2,-1
LOC111122540,7,5,2
LOC111122544,2,1,1
LOC111122552,2,3,-1
LOC111122558,3,2,1
LOC111122586,2,1,1
LOC111122591,6,5,1
LOC111122594,2,1,1
LOC111122596,1,2,-1
LOC111122599,3,1,2
LOC111122602,7,8,-1
LOC111122608,1,2,-1
LOC111122616,2,3,-1
LOC111122621,1,3,-2
LOC111122627,4,3,1
LOC111122636,9,8,1
LOC111122656,1,2,-1
LOC111122657,2,3,-1
LOC111122665,2,3,-1
LOC111122667,2,1,1
LOC111122678,2,1,1
LOC111122684,2,3,-1
LOC111122689,5,4,1
LOC111122691,0,1,-1
LOC111122706,3,2,1
LOC111122713,0,1,-1
LOC111122731,2,3,-1
LOC111122732,5,3,2
LOC111122737,3,2,1
LOC111122745,2,1,1
LOC111122751,2,1,1
LOC111122752,9,7,2
LOC111122766,0,1,-1
LOC111122767,0,1,-1
LOC111122769,0,1,-1
LOC111122773,20,15,5
LOC111122775,1,2,-1
LOC111122787,1,2,-1
LOC111122795,4,3,1
LOC111122797,4,3,1
LOC111122801,7,5,2
LOC111122803,3,2,1
LOC111122804,3,4,-1
LOC111122806,8,5,3
LOC111122811,19,14,5
LOC111122812,2,1,1
LOC111122814,2,1,1
LOC111122822,3,4,-1
LOC111122828,3,2,1
LOC111122831,2,1,1
LOC111122834,1,2,-1
LOC111122837,6,7,-1
LOC111122852,8,4,4
LOC111122855,3,2,1
LOC111122879,2,1,1
LOC111122881,1,4,-3
LOC111122884,2,1,1
LOC111122902,1,2,-1
LOC111122912,1,2,-1
LOC111122917,1,2,-1
LOC111122918,1,2,-1
LOC111122927,0,1,-1
LOC111122940,11,9,2
LOC111122945,1,2,-1
LOC111122951,1,2,-1
LOC111122974,0,1,-1
LOC111122977,0,1,-1
LOC111122990,1,3,-2
LOC111122992,0,1,-1
LOC111122998,7,5,2
LOC111123006,1,3,-2
LOC111123016,0,1,-1
LOC111123021,4,3,1
LOC111123027,0,2,-2
LOC111123032,2,1,1
LOC111123038,1,2,-1
LOC111123041,3,2,1
LOC111123050,0,1,-1
LOC111123053,0,1,-1
LOC111123069,4,3,1
LOC111123071,0,1,-1
LOC111123075,1,2,-1
LOC111123092,3,1,2
LOC111123098,3,4,-1
LOC111123099,1,2,-1
LOC111123128,11,8,3
LOC111123130,3,2,1
LOC111123131,2,1,1
LOC111123132,5,2,3
LOC111123135,1,2,-1
LOC111123136,2,3,-1
LOC111123143,3,2,1
LOC111123147,1,2,-1
LOC111123164,1,2,-1
LOC111123168,3,4,-1
LOC111123177,1,2,-1
LOC111123200,2,1,1
LOC111123204,8,7,1
LOC111123218,3,5,-2
LOC111123221,4,3,1
LOC111123241,10,9,1
LOC111123243,12,11,1
LOC111123246,2,1,1
LOC111123247,2,1,1
LOC111123248,6,4,2
LOC111123253,2,3,-1
LOC111123264,9,6,3
LOC111123269,5,4,1
LOC111123273,2,1,1
LOC111123290,3,1,2
LOC111123294,1,4,-3
LOC111123318,2,1,1
LOC111123328,2,3,-1
LOC111123329,1,2,-1
LOC111123331,2,3,-1
LOC111123333,3,2,1
LOC111123335,3,1,2
LOC111123341,4,5,-1
LOC111123342,1,2,-1
LOC111123361,1,2,-1
LOC111123372,3,2,1
LOC111123390,4,3,1
LOC111123402,3,1,2
LOC111123409,4,3,1
LOC111123411,2,1,1
LOC111123415,4,3,1
LOC111123429,4,1,3
LOC111123433,1,2,-1
LOC111123435,2,3,-1
LOC111123460,13,9,4
LOC111123483,15,12,3
LOC111123486,5,8,-3
LOC111123492,20,19,1
LOC111123493,7,5,2
LOC111123497,3,4,-1
LOC111123520,0,1,-1
LOC111123549,1,2,-1
LOC111123550,0,3,-3
LOC111123556,8,6,2
LOC111123571,4,3,1
LOC111123575,9,8,1
LOC111123581,3,2,1
LOC111123585,3,5,-2
LOC111123610,12,11,1
LOC111123612,1,2,-1
LOC111123618,2,1,1
LOC111123619,1,2,-1
LOC111123630,3,1,2
LOC111123640,1,2,-1
LOC111123647,2,1,1
LOC111123648,13,11,2
LOC111123651,0,1,-1
LOC111123654,1,2,-1
LOC111123657,7,5,2
LOC111123661,5,4,1
LOC111123664,6,3,3
LOC111123670,1,2,-1
LOC111123685,0,1,-1
LOC111123692,2,6,-4
LOC111123699,1,2,-1
LOC111123700,4,3,1
LOC111123716,2,1,1
LOC111123721,1,2,-1
LOC111123726,2,1,1
LOC111123731,2,1,1
LOC111123734,3,2,1
LOC111123743,10,9,1
LOC111123756,2,1,1
LOC111123765,1,2,-1
LOC111123771,1,2,-1
LOC111123779,1,2,-1
LOC111123780,0,1,-1
LOC111123790,5,6,-1
LOC111123802,12,11,1
LOC111123820,4,3,1
LOC111123821,4,3,1
LOC111123825,10,9,1
LOC111123832,1,2,-1
LOC111123845,2,1,1
LOC111123849,8,9,-1
LOC111123856,2,1,1
LOC111123864,2,1,1
LOC111123865,1,2,-1
LOC111123869,7,6,1
LOC111123882,2,1,1
LOC111123883,2,1,1
LOC111123888,3,2,1
LOC111123890,26,16,10
LOC111123892,7,6,1
LOC111123905,2,3,-1
LOC111123910,11,17,-6
LOC111123917,2,3,-1
LOC111123920,1,2,-1
LOC111123922,1,3,-2
LOC111123934,3,2,1
LOC111123943,1,2,-1
LOC111123945,0,1,-1
LOC111123946,1,2,-1
LOC111123967,1,0,1
LOC111123971,3,2,1
LOC111123973,3,2,1
LOC111123976,3,2,1
LOC111123977,0,1,-1
LOC111123979,7,6,1
LOC111123983,13,9,4
LOC111123992,3,4,-1
LOC111123995,4,3,1
LOC111124002,8,7,1
LOC111124018,7,5,2
LOC111124022,3,5,-2
LOC111124026,12,9,3
LOC111124030,4,3,1
LOC111124036,10,8,2
LOC111124056,0,1,-1
LOC111124103,0,1,-1
LOC111124124,1,0,1
LOC111124130,0,1,-1
LOC111124175,0,1,-1
LOC111124256,0,1,-1
LOC111124272,0,1,-1
LOC111124370,0,1,-1
LOC111124417,0,1,-1
LOC111124466,20,9,11
LOC111124467,3,2,1
LOC111124468,2,3,-1
LOC111124470,2,1,1
LOC111124476,4,3,1
LOC111124480,2,3,-1
LOC111124489,5,3,2
LOC111124493,4,8,-4
LOC111124494,12,9,3
LOC111124495,1,3,-2
LOC111124497,0,1,-1
LOC111124502,1,5,-4
LOC111124514,1,2,-1
LOC111124529,4,3,1
LOC111124535,5,3,2
LOC111124552,7,6,1
LOC111124554,11,6,5
LOC111124572,1,2,-1
LOC111124576,4,2,2
LOC111124597,6,5,1
LOC111124602,1,3,-2
LOC111124609,2,1,1
LOC111124612,8,4,4
LOC111124628,0,1,-1
LOC111124632,1,2,-1
LOC111124633,9,8,1
LOC111124641,7,6,1
LOC111124642,13,8,5
LOC111124650,8,6,2
LOC111124662,5,2,3
LOC111124664,0,1,-1
LOC111124666,7,6,1
LOC111124671,3,4,-1
LOC111124674,4,2,2
LOC111124679,2,1,1
LOC111124681,1,4,-3
LOC111124686,1,2,-1
LOC111124691,0,1,-1
LOC111124692,11,8,3
LOC111124695,6,3,3
LOC111124698,4,3,1
LOC111124720,4,3,1
LOC111124729,6,4,2
LOC111124732,2,1,1
LOC111124736,0,1,-1
LOC111124737,0,1,-1
LOC111124747,7,8,-1
LOC111124760,4,3,1
LOC111124766,2,1,1
LOC111124772,2,5,-3
LOC111124774,2,1,1
LOC111124783,1,2,-1
LOC111124785,1,2,-1
LOC111124808,2,5,-3
LOC111124809,5,4,1
LOC111124817,2,3,-1
LOC111124843,6,5,1
LOC111124852,3,2,1
LOC111124854,1,6,-5
LOC111124865,5,3,2
LOC111124868,4,3,1
LOC111124869,1,2,-1
LOC111124871,2,3,-1
LOC111124873,2,3,-1
LOC111124893,5,4,1
LOC111124894,4,3,1
LOC111124904,10,11,-1
LOC111124905,4,3,1
LOC111124920,2,1,1
LOC111124921,2,3,-1
LOC111124923,2,1,1
LOC111124925,0,1,-1
LOC111124933,1,2,-1
LOC111124938,6,7,-1
LOC111124939,8,5,3
LOC111124942,5,4,1
LOC111124944,16,12,4
LOC111124946,2,1,1
LOC111124952,3,4,-1
LOC111124953,2,4,-2
LOC111124959,1,2,-1
LOC111124962,5,4,1
LOC111124969,1,2,-1
LOC111124975,1,2,-1
LOC111124985,5,7,-2
LOC111124999,5,4,1
LOC111125001,2,3,-1
LOC111125008,2,4,-2
LOC111125013,3,2,1
LOC111125018,6,4,2
LOC111125027,5,4,1
LOC111125030,7,6,1
LOC111125032,5,6,-1
LOC111125034,3,2,1
LOC111125043,5,7,-2
LOC111125044,2,3,-1
LOC111125055,6,3,3
LOC111125082,0,1,-1
LOC111125089,5,4,1
LOC111125102,2,1,1
LOC111125116,6,3,3
LOC111125119,3,2,1
LOC111125122,4,2,2
LOC111125124,5,3,2
LOC111125132,2,1,1
LOC111125134,6,5,1
LOC111125143,2,3,-1
LOC111125153,1,2,-1
LOC111125156,1,2,-1
LOC111125159,3,2,1
LOC111125160,2,1,1
LOC111125174,1,2,-1
LOC111125196,2,1,1
LOC111125199,4,3,1
LOC111125204,4,5,-1
LOC111125207,2,4,-2
LOC111125214,2,1,1
LOC111125219,2,3,-1
LOC111125224,9,7,2
LOC111125230,7,4,3
LOC111125242,4,3,1
LOC111125243,3,2,1
LOC111125246,2,1,1
LOC111125255,4,3,1
LOC111125263,1,2,-1
LOC111125265,1,3,-2
LOC111125269,0,1,-1
LOC111125277,5,3,2
LOC111125284,5,2,3
LOC111125285,2,1,1
LOC111125290,3,2,1
LOC111125298,4,3,1
LOC111125308,4,2,2
LOC111125313,1,3,-2
LOC111125320,20,13,7
LOC111125329,2,1,1
LOC111125330,23,12,11
LOC111125336,2,6,-4
LOC111125338,7,6,1
LOC111125344,2,1,1
LOC111125346,0,1,-1
LOC111125347,4,5,-1
LOC111125351,1,2,-1
LOC111125355,6,4,2
LOC111125365,3,1,2
LOC111125371,0,1,-1
LOC111125375,9,8,1
LOC111125387,2,1,1
LOC111125389,2,1,1
LOC111125391,8,4,4
LOC111125392,3,2,1
LOC111125394,1,2,-1
LOC111125395,3,1,2
LOC111125405,2,3,-1
LOC111125406,5,3,2
LOC111125422,0,1,-1
LOC111125428,4,3,1
LOC111125431,3,1,2
LOC111125436,2,3,-1
LOC111125437,4,3,1
LOC111125441,5,3,2
LOC111125443,6,4,2
LOC111125448,1,2,-1
LOC111125450,11,10,1
LOC111125453,2,1,1
LOC111125463,27,17,10
LOC111125464,2,1,1
LOC111125473,4,1,3
LOC111125484,4,3,1
LOC111125486,4,3,1
LOC111125488,6,5,1
LOC111125490,3,2,1
LOC111125496,1,2,-1
LOC111125504,6,4,2
LOC111125513,2,3,-1
LOC111125514,3,1,2
LOC111125524,4,3,1
LOC111125530,2,1,1
LOC111125535,3,2,1
LOC111125538,5,3,2
LOC111125561,3,2,1
LOC111125567,7,4,3
LOC111125570,5,6,-1
LOC111125576,3,2,1
LOC111125577,6,5,1
LOC111125586,0,1,-1
LOC111125587,0,1,-1
LOC111125590,3,4,-1
LOC111125594,5,6,-1
LOC111125596,1,2,-1
LOC111125599,3,2,1
LOC111125608,0,1,-1
LOC111125623,3,2,1
LOC111125629,7,6,1
LOC111125632,2,1,1
LOC111125634,7,4,3
LOC111125639,4,3,1
LOC111125642,1,2,-1
LOC111125646,3,2,1
LOC111125647,3,2,1
LOC111125651,4,3,1
LOC111125656,4,2,2
LOC111125661,4,3,1
LOC111125662,6,4,2
LOC111125663,7,5,2
LOC111125664,6,4,2
LOC111125668,3,2,1
LOC111125677,4,3,1
LOC111125678,0,1,-1
LOC111125688,1,2,-1
LOC111125695,1,2,-1
LOC111125699,2,1,1
LOC111125704,2,1,1
LOC111125717,3,5,-2
LOC111125720,3,4,-1
LOC111125722,0,1,-1
LOC111125727,5,4,1
LOC111125734,1,2,-1
LOC111125735,5,6,-1
LOC111125752,3,2,1
LOC111125755,3,2,1
LOC111125767,3,4,-1
LOC111125780,2,1,1
LOC111125786,2,3,-1
LOC111125795,4,3,1
LOC111125797,4,2,2
LOC111125801,1,2,-1
LOC111125803,4,3,1
LOC111125820,5,4,1
LOC111125823,2,1,1
LOC111125830,4,2,2
LOC111125837,2,1,1
LOC111125839,8,9,-1
LOC111125851,3,4,-1
LOC111125854,7,5,2
LOC111125855,1,2,-1
LOC111125859,3,1,2
LOC111125862,1,2,-1
LOC111125863,1,2,-1
LOC111125870,4,2,2
LOC111125880,4,3,1
LOC111125885,6,5,1
LOC111125890,5,4,1
LOC111125897,5,3,2
LOC111125905,6,4,2
LOC111125906,9,8,1
LOC111125911,4,3,1
LOC111125914,1,2,-1
LOC111125930,6,4,2
LOC111125942,19,13,6
LOC111125947,1,2,-1
LOC111125954,3,2,1
LOC111125955,2,1,1
LOC111125956,9,5,4
LOC111125962,2,3,-1
LOC111125966,2,1,1
LOC111125985,2,3,-1
LOC111125994,4,3,1
LOC111125997,1,3,-2
LOC111125999,8,7,1
LOC111126003,2,1,1
LOC111126007,7,3,4
LOC111126019,4,3,1
LOC111126021,1,2,-1
LOC111126026,2,1,1
LOC111126032,1,3,-2
LOC111126044,0,1,-1
LOC111126054,5,3,2
LOC111126080,2,1,1
LOC111126089,0,1,-1
LOC111126126,0,1,-1
LOC111126144,1,2,-1
LOC111126145,8,5,3
LOC111126149,5,4,1
LOC111126152,1,2,-1
LOC111126153,0,1,-1
LOC111126161,8,9,-1
LOC111126166,2,3,-1
LOC111126185,3,2,1
LOC111126189,1,2,-1
LOC111126196,2,1,1
LOC111126197,3,2,1
LOC111126203,3,2,1
LOC111126221,1,2,-1
LOC111126223,3,2,1
LOC111126225,3,2,1
LOC111126230,3,2,1
LOC111126240,2,1,1
LOC111126248,1,2,-1
LOC111126251,4,5,-1
LOC111126252,4,5,-1
LOC111126257,2,3,-1
LOC111126272,1,2,-1
LOC111126274,2,3,-1
LOC111126286,0,1,-1
LOC111126295,3,1,2
LOC111126302,3,4,-1
LOC111126303,1,2,-1
LOC111126304,1,2,-1
LOC111126312,4,3,1
LOC111126326,1,2,-1
LOC111126338,3,2,1
LOC111126345,2,3,-1
LOC111126352,10,9,1
LOC111126355,2,1,1
LOC111126360,5,4,1
LOC111126366,2,1,1
LOC111126380,1,2,-1
LOC111126387,1,2,-1
LOC111126395,11,10,1
LOC111126399,4,2,2
LOC111126402,6,5,1
LOC111126405,6,5,1
LOC111126407,1,2,-1
LOC111126408,4,2,2
LOC111126409,2,4,-2
LOC111126413,1,3,-2
LOC111126419,2,1,1
LOC111126421,3,5,-2
LOC111126430,1,2,-1
LOC111126434,2,1,1
LOC111126439,1,2,-1
LOC111126452,2,1,1
LOC111126454,1,2,-1
LOC111126455,14,12,2
LOC111126457,3,4,-1
LOC111126459,1,2,-1
LOC111126475,2,1,1
LOC111126478,3,2,1
LOC111126479,3,2,1
LOC111126487,3,2,1
LOC111126488,0,1,-1
LOC111126493,2,1,1
LOC111126509,1,2,-1
LOC111126515,3,4,-1
LOC111126527,3,6,-3
LOC111126535,2,1,1
LOC111126541,1,2,-1
LOC111126542,0,2,-2
LOC111126552,2,1,1
LOC111126558,2,1,1
LOC111126560,8,6,2
LOC111126580,4,3,1
LOC111126585,6,5,1
LOC111126592,2,1,1
LOC111126594,0,1,-1
LOC111126599,1,3,-2
LOC111126606,3,4,-1
LOC111126607,1,2,-1
LOC111126615,0,1,-1
LOC111126627,1,2,-1
LOC111126636,3,2,1
LOC111126645,4,1,3
LOC111126654,1,2,-1
LOC111126655,0,1,-1
LOC111126669,3,2,1
LOC111126672,2,1,1
LOC111126673,7,5,2
LOC111126676,3,2,1
LOC111126680,3,4,-1
LOC111126682,4,3,1
LOC111126686,2,3,-1
LOC111126711,3,2,1
LOC111126713,2,1,1
LOC111126714,3,2,1
LOC111126719,1,2,-1
LOC111126745,3,4,-1
LOC111126761,4,3,1
LOC111126798,5,4,1
LOC111126804,5,4,1
LOC111126805,4,7,-3
LOC111126810,12,9,3
LOC111126832,0,2,-2
LOC111126842,2,3,-1
LOC111126845,1,2,-1
LOC111126849,0,1,-1
LOC111126850,0,1,-1
LOC111126853,0,1,-1
LOC111126867,0,1,-1
LOC111126875,4,3,1
LOC111126881,2,3,-1
LOC111126882,2,3,-1
LOC111126888,5,3,2
LOC111126898,0,1,-1
LOC111126901,3,1,2
LOC111126914,3,2,1
LOC111126918,3,2,1
LOC111126932,1,2,-1
LOC111126940,1,2,-1
LOC111126961,4,2,2
LOC111126964,1,2,-1
LOC111126993,4,7,-3
LOC111127004,3,5,-2
LOC111127010,6,4,2
LOC111127043,1,2,-1
LOC111127046,2,3,-1
LOC111127048,6,5,1
LOC111127049,2,3,-1
LOC111127064,3,5,-2
LOC111127066,0,1,-1
LOC111127067,2,1,1
LOC111127079,3,2,1
LOC111127083,0,1,-1
LOC111127107,6,5,1
LOC111127111,1,2,-1
LOC111127113,0,1,-1
LOC111127117,6,4,2
LOC111127118,3,2,1
LOC111127124,5,4,1
LOC111127137,3,1,2
LOC111127139,1,3,-2
LOC111127141,0,1,-1
LOC111127146,6,4,2
LOC111127158,1,3,-2
LOC111127166,2,4,-2
LOC111127180,2,3,-1
LOC111127181,0,1,-1
LOC111127188,1,2,-1
LOC111127193,3,4,-1
LOC111127206,0,1,-1
LOC111127214,2,1,1
LOC111127221,1,2,-1
LOC111127222,1,2,-1
LOC111127246,0,1,-1
LOC111127264,2,3,-1
LOC111127270,2,1,1
LOC111127290,1,2,-1
LOC111127307,0,1,-1
LOC111127309,3,2,1
LOC111127322,8,6,2
LOC111127343,3,6,-3
LOC111127349,0,1,-1
LOC111127351,8,5,3
LOC111127357,1,2,-1
LOC111127366,1,3,-2
LOC111127370,3,1,2
LOC111127375,0,1,-1
LOC111127378,2,1,1
LOC111127408,1,2,-1
LOC111127409,2,1,1
LOC111127415,3,2,1
LOC111127436,1,2,-1
LOC111127446,3,2,1
LOC111127461,1,2,-1
LOC111127462,1,2,-1
LOC111127465,4,3,1
LOC111127479,2,0,2
LOC111127485,2,1,1
LOC111127487,3,4,-1
LOC111127519,1,2,-1
LOC111127533,1,2,-1
LOC111127544,0,1,-1
LOC111127545,0,1,-1
LOC111127549,3,2,1
LOC111127550,4,3,1
LOC111127569,2,1,1
LOC111127572,2,1,1
LOC111127583,4,3,1
LOC111127590,3,2,1
LOC111127593,2,1,1
LOC111127594,2,1,1
LOC111127600,1,2,-1
LOC111127601,3,2,1
LOC111127603,3,2,1
LOC111127604,0,1,-1
LOC111127624,0,1,-1
LOC111127639,1,2,-1
LOC111127640,2,1,1
LOC111127642,5,3,2
LOC111127644,3,4,-1
LOC111127646,2,1,1
LOC111127648,0,1,-1
LOC111127650,10,8,2
LOC111127692,0,1,-1
LOC111127726,2,1,1
LOC111127744,5,4,1
LOC111127749,2,3,-1
LOC111127755,0,1,-1
LOC111127768,2,1,1
LOC111127769,4,3,1
LOC111127781,2,3,-1
LOC111127799,4,3,1
LOC111127821,3,1,2
LOC111127826,3,4,-1
LOC111127827,6,4,2
LOC111127830,2,3,-1
LOC111127832,4,3,1
LOC111127840,2,1,1
LOC111127846,5,3,2
LOC111127848,8,7,1
LOC111127852,2,1,1
LOC111127855,3,4,-1
LOC111127860,1,2,-1
LOC111127877,10,9,1
LOC111127889,2,1,1
LOC111127902,3,1,2
LOC111127906,10,7,3
LOC111127911,8,7,1
LOC111127914,4,3,1
LOC111127975,6,5,1
LOC111127981,14,11,3
LOC111127991,2,3,-1
LOC111127993,2,3,-1
LOC111127994,2,4,-2
LOC111128026,2,3,-1
LOC111128029,9,6,3
LOC111128032,1,2,-1
LOC111128033,2,5,-3
LOC111128041,14,6,8
LOC111128044,2,1,1
LOC111128057,3,2,1
LOC111128065,4,3,1
LOC111128067,2,3,-1
LOC111128069,1,2,-1
LOC111128071,2,1,1
LOC111128074,3,4,-1
LOC111128076,17,13,4
LOC111128078,1,2,-1
LOC111128082,9,7,2
LOC111128085,11,10,1
LOC111128094,2,1,1
LOC111128099,4,3,1
LOC111128106,2,1,1
LOC111128118,4,3,1
LOC111128120,0,1,-1
LOC111128136,3,2,1
LOC111128152,1,2,-1
LOC111128182,6,5,1
LOC111128183,2,3,-1
LOC111128188,6,5,1
LOC111128196,3,2,1
LOC111128230,0,1,-1
LOC111128244,5,8,-3
LOC111128245,6,5,1
LOC111128256,5,4,1
LOC111128257,0,1,-1
LOC111128261,1,0,1
LOC111128266,3,4,-1
LOC111128273,2,3,-1
LOC111128277,2,3,-1
LOC111128292,7,4,3
LOC111128293,2,1,1
LOC111128296,2,1,1
LOC111128313,3,5,-2
LOC111128319,1,2,-1
LOC111128349,5,4,1
LOC111128350,3,4,-1
LOC111128356,0,1,-1
LOC111128358,5,4,1
LOC111128360,4,3,1
LOC111128368,2,1,1
LOC111128377,2,1,1
LOC111128380,1,2,-1
LOC111128385,1,2,-1
LOC111128397,1,2,-1
LOC111128401,1,2,-1
LOC111128405,4,3,1
LOC111128411,2,1,1
LOC111128422,0,1,-1
LOC111128424,3,2,1
LOC111128425,3,4,-1
LOC111128432,3,2,1
LOC111128434,0,1,-1
LOC111128447,1,2,-1
LOC111128450,7,5,2
LOC111128472,2,1,1
LOC111128486,1,2,-1
LOC111128488,1,2,-1
LOC111128513,1,2,-1
LOC111128523,10,4,6
LOC111128531,5,3,2
LOC111128533,7,5,2
LOC111128537,3,2,1
LOC111128549,3,4,-1
LOC111128581,24,16,8
LOC111128586,3,1,2
LOC111128591,11,7,4
LOC111128599,5,3,2
LOC111128600,3,2,1
LOC111128602,1,2,-1
LOC111128607,4,3,1
LOC111128611,2,1,1
LOC111128618,1,2,-1
LOC111128628,1,2,-1
LOC111128647,1,2,-1
LOC111128648,3,2,1
LOC111128656,1,3,-2
LOC111128657,1,2,-1
LOC111128658,4,3,1
LOC111128660,1,3,-2
LOC111128668,2,1,1
LOC111128671,2,1,1
LOC111128687,4,3,1
LOC111128696,2,1,1
LOC111128697,2,1,1
LOC111128698,7,6,1
LOC111128703,1,2,-1
LOC111128717,2,1,1
LOC111128718,4,3,1
LOC111128721,6,5,1
LOC111128722,4,6,-2
LOC111128734,6,8,-2
LOC111128737,2,1,1
LOC111128759,4,3,1
LOC111128760,0,1,-1
LOC111128768,9,6,3
LOC111128783,6,4,2
LOC111128788,3,6,-3
LOC111128790,3,4,-1
LOC111128800,5,2,3
LOC111128803,9,7,2
LOC111128821,5,7,-2
LOC111128827,1,3,-2
LOC111128852,4,5,-1
LOC111128859,8,6,2
LOC111128871,8,9,-1
LOC111128873,4,3,1
LOC111128876,1,2,-1
LOC111128878,7,6,1
LOC111128883,16,8,8
LOC111128885,4,3,1
LOC111128895,2,1,1
LOC111128898,2,3,-1
LOC111128902,4,3,1
LOC111128928,2,3,-1
LOC111128929,1,0,1
LOC111128930,3,1,2
LOC111128943,2,1,1
LOC111128946,2,3,-1
LOC111128979,10,7,3
LOC111128988,5,4,1
LOC111128992,4,3,1
LOC111128998,11,9,2
LOC111128999,1,2,-1
LOC111129002,4,2,2
LOC111129005,5,4,1
LOC111129006,5,4,1
LOC111129022,1,2,-1
LOC111129023,2,3,-1
LOC111129025,1,2,-1
LOC111129033,1,2,-1
LOC111129038,1,2,-1
LOC111129043,1,2,-1
LOC111129045,1,2,-1
LOC111129076,4,3,1
LOC111129079,3,4,-1
LOC111129081,5,3,2
LOC111129085,1,2,-1
LOC111129088,13,15,-2
LOC111129093,3,4,-1
LOC111129094,6,3,3
LOC111129117,7,5,2
LOC111129118,4,2,2
LOC111129121,7,6,1
LOC111129123,2,1,1
LOC111129133,4,3,1
LOC111129135,0,1,-1
LOC111129139,4,3,1
LOC111129143,8,7,1
LOC111129151,5,4,1
LOC111129162,17,15,2
LOC111129170,20,10,10
LOC111129171,0,1,-1
LOC111129177,9,6,3
LOC111129178,3,1,2
LOC111129181,2,1,1
LOC111129189,4,3,1
LOC111129191,3,4,-1
LOC111129193,4,6,-2
LOC111129199,1,2,-1
LOC111129207,2,1,1
LOC111129214,1,2,-1
LOC111129228,2,1,1
LOC111129230,2,1,1
LOC111129231,5,4,1
LOC111129233,0,1,-1
LOC111129238,4,3,1
LOC111129256,4,3,1
LOC111129267,2,3,-1
LOC111129269,4,5,-1
LOC111129277,4,3,1
LOC111129315,2,1,1
LOC111129318,0,1,-1
LOC111129320,2,1,1
LOC111129330,1,2,-1
LOC111129333,6,5,1
LOC111129334,6,5,1
LOC111129343,5,4,1
LOC111129365,5,4,1
LOC111129374,2,1,1
LOC111129376,3,5,-2
LOC111129377,2,3,-1
LOC111129393,2,1,1
LOC111129397,2,1,1
LOC111129402,3,4,-1
LOC111129406,3,2,1
LOC111129422,0,1,-1
LOC111129432,3,4,-1
LOC111129433,3,4,-1
LOC111129435,2,1,1
LOC111129449,0,2,-2
LOC111129459,1,2,-1
LOC111129461,4,3,1
LOC111129471,0,1,-1
LOC111129477,1,2,-1
LOC111129478,3,4,-1
LOC111129479,3,2,1
LOC111129483,8,4,4
LOC111129492,1,2,-1
LOC111129497,5,3,2
LOC111129501,3,2,1
LOC111129510,0,1,-1
LOC111129512,5,13,-8
LOC111129513,5,3,2
LOC111129516,9,7,2
LOC111129523,2,3,-1
LOC111129539,2,3,-1
LOC111129549,0,1,-1
LOC111129573,0,1,-1
LOC111129591,6,5,1
LOC111129630,0,1,-1
LOC111129634,0,1,-1
LOC111129643,4,3,1
LOC111129644,3,2,1
LOC111129706,3,2,1
LOC111129817,4,3,1
LOC111129823,9,6,3
LOC111129827,3,2,1
LOC111129836,9,7,2
LOC111129854,0,1,-1
LOC111129863,5,3,2
LOC111129864,2,1,1
LOC111129874,10,9,1
LOC111129877,9,7,2
LOC111129882,4,3,1
LOC111129891,2,1,1
LOC111129899,8,5,3
LOC111129910,2,1,1
LOC111129914,3,2,1
LOC111129932,2,1,1
LOC111129944,5,3,2
LOC111129949,2,1,1
LOC111129954,3,2,1
LOC111129964,1,2,-1
LOC111129975,22,18,4
LOC111129980,10,6,4
LOC111130000,3,1,2
LOC111130003,1,2,-1
LOC111130004,1,2,-1
LOC111130012,3,2,1
LOC111130021,2,3,-1
LOC111130040,15,10,5
LOC111130042,3,2,1
LOC111130051,4,3,1
LOC111130053,5,4,1
LOC111130070,2,1,1
LOC111130071,2,3,-1
LOC111130078,2,1,1
LOC111130081,5,3,2
LOC111130104,2,1,1
LOC111130107,5,6,-1
LOC111130125,4,6,-2
LOC111130126,1,2,-1
LOC111130132,0,1,-1
LOC111130136,1,2,-1
LOC111130153,3,2,1
LOC111130155,3,2,1
LOC111130168,3,4,-1
LOC111130170,3,2,1
LOC111130171,2,1,1
LOC111130175,2,3,-1
LOC111130188,2,1,1
LOC111130194,5,7,-2
LOC111130197,2,1,1
LOC111130202,0,1,-1
LOC111130203,3,2,1
LOC111130211,1,2,-1
LOC111130223,3,4,-1
LOC111130224,2,1,1
LOC111130241,2,1,1
LOC111130248,1,2,-1
LOC111130256,5,4,1
LOC111130267,3,4,-1
LOC111130273,2,3,-1
LOC111130277,6,5,1
LOC111130279,2,1,1
LOC111130283,7,6,1
LOC111130286,6,4,2
LOC111130294,2,1,1
LOC111130297,30,15,15
LOC111130304,1,2,-1
LOC111130310,5,4,1
LOC111130314,3,2,1
LOC111130317,3,2,1
LOC111130323,4,3,1
LOC111130325,6,3,3
LOC111130332,5,4,1
LOC111130338,8,5,3
LOC111130339,1,2,-1
LOC111130340,4,2,2
LOC111130343,6,5,1
LOC111130350,3,2,1
LOC111130351,3,4,-1
LOC111130353,13,15,-2
LOC111130369,7,4,3
LOC111130379,1,2,-1
LOC111130380,1,2,-1
LOC111130382,0,1,-1
LOC111130389,3,4,-1
LOC111130390,2,3,-1
LOC111130398,6,5,1
LOC111130400,3,2,1
LOC111130412,5,4,1
LOC111130417,3,2,1
LOC111130420,1,2,-1
LOC111130427,1,2,-1
LOC111130432,1,2,-1
LOC111130469,7,6,1
LOC111130476,3,2,1
LOC111130479,4,3,1
LOC111130484,3,5,-2
LOC111130485,2,1,1
LOC111130487,15,11,4
LOC111130490,2,1,1
LOC111130494,1,0,1
LOC111130498,7,4,3
LOC111130506,1,2,-1
LOC111130516,1,2,-1
LOC111130524,2,1,1
LOC111130529,2,1,1
LOC111130556,0,1,-1
LOC111130561,2,1,1
LOC111130565,3,2,1
LOC111130574,3,4,-1
LOC111130609,0,1,-1
LOC111130623,0,1,-1
LOC111130631,1,0,1
LOC111130645,2,1,1
LOC111130648,1,3,-2
LOC111130649,1,2,-1
LOC111130651,6,3,3
LOC111130655,2,1,1
LOC111130678,4,3,1
LOC111130695,3,4,-1
LOC111130700,2,4,-2
LOC111130704,8,5,3
LOC111130709,2,1,1
LOC111130714,1,2,-1
LOC111130737,3,2,1
LOC111130744,2,1,1
LOC111130758,1,2,-1
LOC111130761,3,4,-1
LOC111130762,6,5,1
LOC111130774,2,1,1
LOC111130797,2,3,-1
LOC111130802,3,2,1
LOC111130839,1,5,-4
LOC111130845,2,3,-1
LOC111130847,2,1,1
LOC111130853,3,4,-1
LOC111130856,2,1,1
LOC111130871,1,2,-1
LOC111130872,1,2,-1
LOC111130874,5,4,1
LOC111130892,3,2,1
LOC111130895,2,3,-1
LOC111130912,3,1,2
LOC111130917,1,2,-1
LOC111130918,9,8,1
LOC111130940,4,3,1
LOC111130943,3,1,2
LOC111130951,8,4,4
LOC111130955,1,2,-1
LOC111130978,2,1,1
LOC111130996,1,3,-2
LOC111131026,2,1,1
LOC111131028,2,4,-2
LOC111131031,4,3,1
LOC111131055,3,2,1
LOC111131060,1,2,-1
LOC111131074,2,3,-1
LOC111131099,17,11,6
LOC111131110,2,1,1
LOC111131113,3,2,1
LOC111131115,4,3,1
LOC111131127,2,1,1
LOC111131133,1,2,-1
LOC111131137,2,1,1
LOC111131143,2,3,-1
LOC111131147,15,8,7
LOC111131157,1,2,-1
LOC111131162,3,2,1
LOC111131173,2,1,1
LOC111131180,2,1,1
LOC111131187,3,2,1
LOC111131190,3,2,1
LOC111131195,1,2,-1
LOC111131213,1,2,-1
LOC111131217,1,2,-1
LOC111131220,4,5,-1
LOC111131232,9,6,3
LOC111131263,3,2,1
LOC111131265,1,2,-1
LOC111131286,2,1,1
LOC111131287,2,1,1
LOC111131301,12,9,3
LOC111131308,1,2,-1
LOC111131312,1,2,-1
LOC111131344,8,7,1
LOC111131354,1,2,-1
LOC111131379,2,1,1
LOC111131388,1,2,-1
LOC111131389,3,4,-1
LOC111131395,3,4,-1
LOC111131396,2,1,1
LOC111131397,4,2,2
LOC111131418,7,9,-2
LOC111131434,2,1,1
LOC111131437,17,12,5
LOC111131447,3,4,-1
LOC111131452,0,2,-2
LOC111131459,5,3,2
LOC111131469,0,1,-1
LOC111131474,2,3,-1
LOC111131477,1,2,-1
LOC111131488,8,5,3
LOC111131489,3,4,-1
LOC111131490,2,1,1
LOC111131502,1,2,-1
LOC111131505,11,9,2
LOC111131519,2,3,-1
LOC111131522,2,3,-1
LOC111131525,2,3,-1
LOC111131529,5,4,1
LOC111131539,2,1,1
LOC111131547,1,2,-1
LOC111131550,1,2,-1
LOC111131563,14,11,3
LOC111131584,0,1,-1
LOC111131591,3,2,1
LOC111131623,2,1,1
LOC111131631,2,3,-1
LOC111131652,1,2,-1
LOC111131661,5,6,-1
LOC111131667,3,2,1
LOC111131679,1,2,-1
LOC111131689,2,0,2
LOC111131692,4,2,2
LOC111131702,2,3,-1
LOC111131721,5,4,1
LOC111131725,1,2,-1
LOC111131726,5,6,-1
LOC111131737,1,2,-1
LOC111131751,3,2,1
LOC111131755,2,1,1
LOC111131763,5,4,1
LOC111131765,2,5,-3
LOC111131767,2,3,-1
LOC111131768,9,5,4
LOC111131769,4,2,2
LOC111131785,2,3,-1
LOC111131803,2,3,-1
LOC111131805,7,6,1
LOC111131813,4,3,1
LOC111131823,1,2,-1
LOC111131824,1,3,-2
LOC111131832,1,2,-1
LOC111131834,2,1,1
LOC111131843,5,4,1
LOC111131846,2,1,1
LOC111131855,1,3,-2
LOC111131860,2,1,1
LOC111131871,18,14,4
LOC111131872,4,3,1
LOC111131917,4,3,1
LOC111131963,4,3,1
LOC111132029,2,3,-1
LOC111132038,2,1,1
LOC111132045,3,1,2
LOC111132057,6,5,1
LOC111132069,5,4,1
LOC111132079,4,3,1
LOC111132084,2,1,1
LOC111132089,1,3,-2
LOC111132094,4,3,1
LOC111132095,3,2,1
LOC111132099,7,6,1
LOC111132107,6,7,-1
LOC111132123,6,4,2
LOC111132128,5,4,1
LOC111132139,3,2,1
LOC111132144,2,1,1
LOC111132155,3,2,1
LOC111132158,4,3,1
LOC111132161,1,3,-2
LOC111132168,4,1,3
LOC111132172,4,3,1
LOC111132188,5,2,3
LOC111132192,5,4,1
LOC111132213,3,4,-1
LOC111132253,1,0,1
LOC111132289,3,2,1
LOC111132296,1,2,-1
LOC111132298,0,1,-1
LOC111132299,1,2,-1
LOC111132319,3,2,1
LOC111132334,0,1,-1
LOC111132353,0,1,-1
LOC111132366,2,1,1
LOC111132367,0,1,-1
LOC111132400,0,1,-1
LOC111132404,0,1,-1
LOC111132445,0,1,-1
LOC111132450,15,11,4
LOC111132493,4,3,1
LOC111132495,2,3,-1
LOC111132545,1,3,-2
LOC111132580,3,1,2
LOC111132591,0,1,-1
LOC111132607,0,1,-1
LOC111132619,0,1,-1
LOC111132628,0,1,-1
LOC111132631,0,1,-1
LOC111132632,0,1,-1
LOC111132640,0,1,-1
LOC111132642,0,1,-1
LOC111132648,1,2,-1
LOC111132662,0,1,-1
LOC111132705,0,1,-1
LOC111132725,0,1,-1
LOC111132738,0,1,-1
LOC111132760,0,1,-1
LOC111132764,0,1,-1
LOC111132765,0,1,-1
LOC111132775,0,1,-1
LOC111132787,6,4,2
LOC111132798,6,3,3
LOC111132801,3,2,1
LOC111132802,1,4,-3
LOC111132806,4,2,2
LOC111132812,1,2,-1
LOC111132823,0,1,-1
LOC111132824,1,2,-1
LOC111132825,2,3,-1
LOC111132828,1,2,-1
LOC111132831,2,1,1
LOC111132833,2,1,1
LOC111132835,2,1,1
LOC111132844,3,2,1
LOC111132846,1,2,-1
LOC111132847,2,1,1
LOC111132848,3,2,1
LOC111132862,3,2,1
LOC111132867,1,2,-1
LOC111132879,9,8,1
LOC111132892,1,3,-2
LOC111132911,3,2,1
LOC111132914,1,2,-1
LOC111132922,12,14,-2
LOC111132933,2,3,-1
LOC111132939,6,4,2
LOC111132946,1,2,-1
LOC111132961,1,2,-1
LOC111132962,5,3,2
LOC111132966,13,9,4
LOC111132967,0,1,-1
LOC111132981,1,2,-1
LOC111132982,3,2,1
LOC111132985,9,7,2
LOC111132988,5,2,3
LOC111132990,6,4,2
LOC111132994,3,2,1
LOC111133009,6,4,2
LOC111133023,5,3,2
LOC111133036,1,2,-1
LOC111133041,6,5,1
LOC111133046,2,1,1
LOC111133047,4,3,1
LOC111133055,2,1,1
LOC111133062,8,6,2
LOC111133066,3,4,-1
LOC111133069,2,1,1
LOC111133075,2,1,1
LOC111133082,1,2,-1
LOC111133084,9,10,-1
LOC111133092,2,1,1
LOC111133103,1,2,-1
LOC111133105,0,1,-1
LOC111133106,5,4,1
LOC111133109,2,1,1
LOC111133114,0,1,-1
LOC111133119,5,3,2
LOC111133121,1,2,-1
LOC111133122,2,1,1
LOC111133137,2,1,1
LOC111133139,4,3,1
LOC111133144,9,6,3
LOC111133146,4,2,2
LOC111133162,1,2,-1
LOC111133178,2,3,-1
LOC111133184,2,3,-1
LOC111133189,5,4,1
LOC111133205,11,10,1
LOC111133209,4,3,1
LOC111133216,2,1,1
LOC111133218,5,6,-1
LOC111133219,8,4,4
LOC111133231,2,3,-1
LOC111133236,0,1,-1
LOC111133242,4,3,1
LOC111133261,3,2,1
LOC111133277,1,2,-1
LOC111133278,2,4,-2
LOC111133279,1,2,-1
LOC111133280,2,3,-1
LOC111133282,5,6,-1
LOC111133285,6,5,1
LOC111133286,1,2,-1
LOC111133287,1,2,-1
LOC111133292,1,2,-1
LOC111133302,2,3,-1
LOC111133303,2,1,1
LOC111133308,1,2,-1
LOC111133311,3,2,1
LOC111133319,1,2,-1
LOC111133325,0,1,-1
LOC111133327,28,15,13
LOC111133328,3,1,2
LOC111133341,4,3,1
LOC111133345,2,1,1
LOC111133348,3,2,1
LOC111133350,12,9,3
LOC111133352,2,3,-1
LOC111133355,2,1,1
LOC111133360,1,2,-1
LOC111133362,0,1,-1
LOC111133377,1,2,-1
LOC111133379,8,6,2
LOC111133381,6,4,2
LOC111133389,5,4,1
LOC111133390,4,3,1
LOC111133394,2,4,-2
LOC111133398,11,9,2
LOC111133399,10,7,3
LOC111133401,2,4,-2
LOC111133403,15,11,4
LOC111133410,1,0,1
LOC111133416,0,1,-1
LOC111133421,2,7,-5
LOC111133441,2,3,-1
LOC111133470,1,2,-1
LOC111133477,6,4,2
LOC111133494,1,2,-1
LOC111133506,8,5,3
LOC111133508,2,1,1
LOC111133517,1,3,-2
LOC111133526,2,3,-1
LOC111133527,2,1,1
LOC111133545,1,2,-1
LOC111133547,2,1,1
LOC111133550,2,1,1
LOC111133552,0,1,-1
LOC111133553,2,1,1
LOC111133556,3,2,1
LOC111133560,1,2,-1
LOC111133563,5,3,2
LOC111133573,3,4,-1
LOC111133575,3,2,1
LOC111133576,3,2,1
LOC111133581,2,1,1
LOC111133585,2,1,1
LOC111133586,2,1,1
LOC111133599,2,1,1
LOC111133606,6,5,1
LOC111133618,3,4,-1
LOC111133625,0,1,-1
LOC111133626,0,1,-1
LOC111133629,3,4,-1
LOC111133630,2,1,1
LOC111133632,1,2,-1
LOC111133646,2,3,-1
LOC111133648,2,1,1
LOC111133649,2,1,1
LOC111133651,9,8,1
LOC111133653,3,2,1
LOC111133656,3,4,-1
LOC111133657,2,1,1
LOC111133660,1,2,-1
LOC111133666,18,9,9
LOC111133681,2,5,-3
LOC111133736,4,3,1
LOC111133743,1,0,1
LOC111133747,1,2,-1
LOC111133754,3,2,1
LOC111133757,1,2,-1
LOC111133775,1,2,-1
LOC111133779,10,5,5
LOC111133787,2,1,1
LOC111133792,2,1,1
LOC111133799,1,3,-2
LOC111133801,3,2,1
LOC111133802,2,3,-1
LOC111133810,2,1,1
LOC111133813,2,1,1
LOC111133822,4,2,2
LOC111133825,1,2,-1
LOC111133828,2,3,-1
LOC111133829,1,2,-1
LOC111133832,0,1,-1
LOC111133833,2,4,-2
LOC111133835,3,2,1
LOC111133837,2,1,1
LOC111133838,2,3,-1
LOC111133844,2,3,-1
LOC111133859,1,2,-1
LOC111133866,1,0,1
LOC111133877,2,4,-2
LOC111133883,2,1,1
LOC111133891,6,7,-1
LOC111133895,3,4,-1
LOC111133898,3,2,1
LOC111133904,1,2,-1
LOC111133922,3,4,-1
LOC111133929,2,1,1
LOC111133934,4,2,2
LOC111133962,0,1,-1
LOC111133968,0,1,-1
LOC111133975,0,1,-1
LOC111133995,6,9,-3
LOC111133998,2,1,1
LOC111134000,8,5,3
LOC111134006,3,4,-1
LOC111134009,3,4,-1
LOC111134012,2,1,1
LOC111134014,2,1,1
LOC111134015,2,3,-1
LOC111134030,2,3,-1
LOC111134042,6,2,4
LOC111134043,7,5,2
LOC111134046,3,2,1
LOC111134047,5,4,1
LOC111134052,2,1,1
LOC111134059,8,7,1
LOC111134076,4,3,1
LOC111134089,9,7,2
LOC111134093,5,4,1
LOC111134100,1,2,-1
LOC111134109,3,2,1
LOC111134110,1,2,-1
LOC111134112,4,3,1
LOC111134125,0,2,-2
LOC111134130,0,1,-1
LOC111134136,1,2,-1
LOC111134142,1,2,-1
LOC111134145,4,3,1
LOC111134156,1,2,-1
LOC111134181,4,5,-1
LOC111134203,3,2,1
LOC111134218,1,4,-3
LOC111134221,0,1,-1
LOC111134225,1,2,-1
LOC111134227,2,3,-1
LOC111134228,3,2,1
LOC111134229,2,4,-2
LOC111134237,3,4,-1
LOC111134243,5,3,2
LOC111134251,1,0,1
LOC111134253,2,3,-1
LOC111134255,2,1,1
LOC111134258,2,3,-1
LOC111134268,3,1,2
LOC111134280,2,1,1
LOC111134284,0,1,-1
LOC111134285,0,1,-1
LOC111134302,2,1,1
LOC111134304,5,4,1
LOC111134309,4,2,2
LOC111134310,0,1,-1
LOC111134311,5,4,1
LOC111134313,5,2,3
LOC111134324,5,8,-3
LOC111134338,1,2,-1
LOC111134349,1,2,-1
LOC111134353,2,1,1
LOC111134367,6,4,2
LOC111134381,2,1,1
LOC111134394,8,6,2
LOC111134409,5,6,-1
LOC111134417,8,10,-2
LOC111134423,12,6,6
LOC111134433,1,2,-1
LOC111134442,4,3,1
LOC111134465,5,3,2
LOC111134466,1,3,-2
LOC111134468,5,6,-1
LOC111134473,10,6,4
LOC111134478,5,4,1
LOC111134482,3,2,1
LOC111134486,2,1,1
LOC111134489,2,3,-1
LOC111134490,2,1,1
LOC111134491,1,2,-1
LOC111134498,1,2,-1
LOC111134504,2,1,1
LOC111134507,3,2,1
LOC111134508,9,6,3
LOC111134509,5,6,-1
LOC111134518,2,1,1
LOC111134520,6,5,1
LOC111134521,5,3,2
LOC111134522,2,1,1
LOC111134564,2,1,1
LOC111134570,2,1,1
LOC111134572,10,6,4
LOC111134577,4,2,2
LOC111134581,0,1,-1
LOC111134586,1,0,1
LOC111134588,1,2,-1
LOC111134589,1,2,-1
LOC111134597,2,3,-1
LOC111134598,3,2,1
LOC111134605,2,1,1
LOC111134609,4,3,1
LOC111134611,3,2,1
LOC111134614,3,2,1
LOC111134618,2,4,-2
LOC111134619,3,1,2
LOC111134623,1,2,-1
LOC111134625,8,7,1
LOC111134626,0,1,-1
LOC111134627,0,1,-1
LOC111134634,5,4,1
LOC111134644,2,3,-1
LOC111134651,11,5,6
LOC111134670,3,2,1
LOC111134677,1,3,-2
LOC111134678,3,6,-3
LOC111134698,2,3,-1
LOC111134699,2,3,-1
LOC111134702,7,8,-1
LOC111134711,3,2,1
LOC111134715,3,2,1
LOC111134725,6,5,1
LOC111134729,2,1,1
LOC111134737,12,11,1
LOC111134752,1,2,-1
LOC111134772,9,17,-8
LOC111134775,2,3,-1
LOC111134781,3,2,1
LOC111134784,3,1,2
LOC111134785,2,1,1
LOC111134787,1,2,-1
LOC111134790,12,13,-1
LOC111134792,4,3,1
LOC111134794,5,4,1
LOC111134800,3,2,1
LOC111134802,3,1,2
LOC111134804,3,4,-1
LOC111134809,2,3,-1
LOC111134821,4,3,1
LOC111134825,10,9,1
LOC111134828,5,4,1
LOC111134832,0,1,-1
LOC111134836,1,2,-1
LOC111134837,2,3,-1
LOC111134842,4,6,-2
LOC111134843,11,9,2
LOC111134847,2,1,1
LOC111134855,7,8,-1
LOC111134858,10,8,2
LOC111134861,2,3,-1
LOC111134864,5,6,-1
LOC111134869,4,3,1
LOC111134872,5,4,1
LOC111134881,3,2,1
LOC111134883,0,1,-1
LOC111134886,14,10,4
LOC111134887,6,4,2
LOC111134897,1,2,-1
LOC111134907,2,1,1
LOC111134917,0,1,-1
LOC111134918,0,1,-1
LOC111134924,0,2,-2
LOC111134928,5,7,-2
LOC111134942,2,1,1
LOC111134944,2,3,-1
LOC111134950,7,2,5
LOC111134951,2,1,1
LOC111134952,2,1,1
LOC111134953,3,2,1
LOC111134964,1,2,-1
LOC111134973,2,3,-1
LOC111134976,3,1,2
LOC111134979,2,3,-1
LOC111134986,1,2,-1
LOC111134988,1,2,-1
LOC111134994,1,2,-1
LOC111134996,6,2,4
LOC111134997,3,2,1
LOC111134998,4,5,-1
LOC111135000,1,2,-1
LOC111135002,11,8,3
LOC111135020,2,1,1
LOC111135022,2,3,-1
LOC111135029,6,4,2
LOC111135040,2,1,1
LOC111135051,5,4,1
LOC111135083,10,9,1
LOC111135084,3,2,1
LOC111135096,2,3,-1
LOC111135097,3,2,1
LOC111135102,1,2,-1
LOC111135117,5,4,1
LOC111135120,3,2,1
LOC111135125,5,3,2
LOC111135127,3,2,1
LOC111135135,14,11,3
LOC111135136,4,3,1
LOC111135145,1,2,-1
LOC111135150,3,2,1
LOC111135153,3,2,1
LOC111135171,23,17,6
LOC111135174,3,2,1
LOC111135176,3,2,1
LOC111135186,4,5,-1
LOC111135188,1,2,-1
LOC111135196,4,3,1
LOC111135208,5,4,1
LOC111135209,6,7,-1
LOC111135216,3,2,1
LOC111135226,5,3,2
LOC111135233,2,1,1
LOC111135239,4,3,1
LOC111135240,4,3,1
LOC111135241,3,1,2
LOC111135247,6,2,4
LOC111135255,4,3,1
LOC111135259,3,1,2
LOC111135261,1,2,-1
LOC111135266,2,3,-1
LOC111135270,1,2,-1
LOC111135275,4,3,1
LOC111135278,4,5,-1
LOC111135288,1,2,-1
LOC111135292,2,1,1
LOC111135299,6,4,2
LOC111135313,3,2,1
LOC111135322,3,1,2
LOC111135323,3,2,1
LOC111135328,3,2,1
LOC111135339,3,2,1
LOC111135350,8,5,3
LOC111135363,10,11,-1
LOC111135366,2,1,1
LOC111135368,2,1,1
LOC111135371,8,6,2
LOC111135376,3,4,-1
LOC111135377,2,3,-1
LOC111135381,6,5,1
LOC111135392,2,1,1
LOC111135397,1,2,-1
LOC111135404,6,5,1
LOC111135408,6,5,1
LOC111135409,3,1,2
LOC111135414,2,1,1
LOC111135416,2,1,1
LOC111135418,5,4,1
LOC111135419,3,2,1
LOC111135423,5,3,2
LOC111135425,0,1,-1
LOC111135429,1,2,-1
LOC111135431,3,2,1
LOC111135433,5,4,1
LOC111135435,2,4,-2
LOC111135443,4,3,1
LOC111135445,4,3,1
LOC111135446,2,1,1
LOC111135463,3,4,-1
LOC111135477,6,4,2
LOC111135478,4,3,1
LOC111135497,6,4,2
LOC111135500,3,2,1
LOC111135510,3,2,1
LOC111135511,2,3,-1
LOC111135516,1,2,-1
LOC111135518,3,5,-2
LOC111135541,5,7,-2
LOC111135557,5,4,1
LOC111135559,7,9,-2
LOC111135563,4,8,-4
LOC111135568,3,2,1
LOC111135569,6,5,1
LOC111135571,5,4,1
LOC111135578,5,3,2
LOC111135588,8,3,5
LOC111135589,4,3,1
LOC111135597,2,1,1
LOC111135598,3,2,1
LOC111135599,2,1,1
LOC111135602,3,2,1
LOC111135603,1,2,-1
LOC111135612,1,2,-1
LOC111135621,2,1,1
LOC111135630,2,1,1
LOC111135634,8,6,2
LOC111135642,11,9,2
LOC111135654,3,2,1
LOC111135666,2,3,-1
LOC111135677,2,3,-1
LOC111135689,3,5,-2
LOC111135712,3,2,1
LOC111135727,5,3,2
LOC111135736,5,4,1
LOC111135743,1,2,-1
LOC111135744,3,4,-1
LOC111135746,2,1,1
LOC111135755,2,1,1
LOC111135766,1,0,1
LOC111135768,7,6,1
LOC111135772,1,2,-1
LOC111135777,2,1,1
LOC111135783,8,9,-1
LOC111135790,6,4,2
LOC111135792,7,5,2
LOC111135795,2,1,1
LOC111135807,1,2,-1
LOC111135822,1,2,-1
LOC111135827,1,2,-1
LOC111135839,1,2,-1
LOC111135841,5,4,1
LOC111135842,4,6,-2
LOC111135845,7,4,3
LOC111135846,3,2,1
LOC111135868,3,2,1
LOC111135872,3,2,1
LOC111135874,1,2,-1
LOC111135875,3,2,1
LOC111135878,5,3,2
LOC111135882,2,1,1
LOC111135890,7,8,-1
LOC111135901,4,5,-1
LOC111135902,2,3,-1
LOC111135904,6,3,3
LOC111135911,16,12,4
LOC111135921,3,4,-1
LOC111135924,0,1,-1
LOC111135934,0,1,-1
LOC111135938,2,1,1
LOC111135941,4,3,1
LOC111135947,4,2,2
LOC111135953,0,1,-1
LOC111135959,6,5,1
LOC111135960,1,2,-1
LOC111135966,5,4,1
LOC111135967,6,7,-1
LOC111135972,4,2,2
LOC111135976,4,3,1
LOC111135982,6,5,1
LOC111136005,2,1,1
LOC111136016,2,1,1
LOC111136017,12,9,3
LOC111136023,3,2,1
LOC111136024,7,8,-1
LOC111136030,1,2,-1
LOC111136052,4,3,1
LOC111136058,3,2,1
LOC111136064,4,2,2
LOC111136078,5,3,2
LOC111136084,5,4,1
LOC111136085,3,2,1
LOC111136093,4,3,1
LOC111136106,8,9,-1
LOC111136107,3,2,1
LOC111136109,9,6,3
LOC111136121,2,1,1
LOC111136123,2,1,1
LOC111136125,2,1,1
LOC111136129,2,1,1
LOC111136148,6,5,1
LOC111136153,4,3,1
LOC111136183,5,4,1
LOC111136188,1,2,-1
LOC111136189,9,8,1
LOC111136200,4,3,1
LOC111136202,5,4,1
LOC111136207,3,2,1
LOC111136213,3,2,1
LOC111136217,2,1,1
LOC111136219,9,8,1
LOC111136221,5,4,1
LOC111136229,6,4,2
LOC111136235,3,2,1
LOC111136257,1,2,-1
LOC111136258,7,5,2
LOC111136261,12,10,2
LOC111136263,6,5,1
LOC111136264,2,1,1
LOC111136282,1,3,-2
LOC111136292,2,1,1
LOC111136308,0,1,-1
LOC111136314,2,3,-1
LOC111136323,2,1,1
LOC111136326,3,2,1
LOC111136330,1,0,1
LOC111136340,12,10,2
LOC111136348,3,2,1
LOC111136355,3,2,1
LOC111136358,1,2,-1
LOC111136377,3,2,1
LOC111136379,3,2,1
LOC111136381,1,2,-1
LOC111136382,9,6,3
LOC111136384,2,1,1
LOC111136398,6,2,4
LOC111136410,7,6,1
LOC111136414,3,2,1
LOC111136422,5,3,2
LOC111136459,3,2,1
LOC111136460,3,4,-1
LOC111136463,5,6,-1
LOC111136494,3,2,1
LOC111136495,2,3,-1
LOC111136498,0,1,-1
LOC111136500,0,1,-1
LOC111136501,0,1,-1
LOC111136503,4,5,-1
LOC111136511,9,8,1
LOC111136524,9,5,4
LOC111136539,0,1,-1
LOC111136548,12,10,2
LOC111136549,2,1,1
LOC111136553,2,4,-2
LOC111136588,5,3,2
LOC111136589,3,4,-1
LOC111136591,15,11,4
LOC111136595,5,2,3
LOC111136612,1,2,-1
LOC111136616,3,2,1
LOC111136618,1,2,-1
LOC111136627,5,6,-1
LOC111136631,1,2,-1
LOC111136636,3,2,1
LOC111136637,0,1,-1
LOC111136638,3,6,-3
LOC111136641,1,3,-2
LOC111136649,9,6,3
LOC111136658,3,2,1
LOC111136669,8,9,-1
LOC111136683,4,3,1
LOC111136689,1,2,-1
LOC111136691,11,8,3
LOC111136699,6,5,1
LOC111136715,2,3,-1
LOC111136735,3,2,1
LOC111136769,1,2,-1
LOC111136772,1,2,-1
LOC111136791,1,2,-1
LOC111136800,4,5,-1
LOC111136801,2,3,-1
LOC111136807,3,2,1
LOC111136876,1,2,-1
LOC111136892,5,6,-1
LOC111136903,6,5,1
LOC111136915,3,2,1
LOC111136918,3,2,1
LOC111136924,4,3,1
LOC111136925,4,2,2
LOC111136930,1,2,-1
LOC111136942,1,0,1
LOC111136944,1,2,-1
LOC111136957,1,2,-1
LOC111136960,4,5,-1
LOC111136962,1,2,-1
LOC111136972,2,3,-1
LOC111136981,4,3,1
LOC111136982,1,2,-1
LOC111136986,12,11,1
LOC111136993,1,2,-1
LOC111136994,3,2,1
LOC111137000,2,4,-2
LOC111137025,1,2,-1
LOC111137065,3,2,1
LOC111137072,3,2,1
LOC111137074,2,1,1
LOC111137094,6,5,1
LOC111137103,7,6,1
LOC111137112,14,23,-9
LOC111137117,1,2,-1
LOC111137126,3,2,1
LOC111137127,4,5,-1
LOC111137156,1,2,-1
LOC111137161,1,2,-1
LOC111137172,1,2,-1
LOC111137182,11,9,2
LOC111137192,3,4,-1
LOC111137198,1,2,-1
LOC111137210,0,1,-1
LOC111137214,9,4,5
LOC111137220,2,3,-1
LOC111137231,0,1,-1
LOC111137232,2,1,1
LOC111137249,3,2,1
LOC111137258,1,2,-1
LOC111137262,1,4,-3
LOC111137270,8,6,2
LOC111137279,4,6,-2
LOC111137281,2,1,1
LOC111137282,1,2,-1
LOC111137283,2,1,1
LOC111137292,1,2,-1
LOC111137294,3,2,1
LOC111137296,2,4,-2
LOC111137302,2,4,-2
LOC111137308,5,4,1
LOC111137312,1,2,-1
LOC111137322,0,1,-1
LOC111137323,1,3,-2
LOC111137335,3,2,1
LOC111137351,1,2,-1
LOC111137352,1,2,-1
LOC111137368,3,2,1
LOC111137380,1,3,-2
LOC111137381,0,1,-1
LOC111137403,0,1,-1
LOC111137408,1,2,-1
LOC111137409,2,3,-1
LOC111137419,1,2,-1
LOC111137437,6,4,2
LOC111137440,2,3,-1
LOC111137474,2,1,1
LOC111137488,0,1,-1
LOC111137511,5,4,1
LOC111137522,6,5,1
LOC111137574,3,2,1
LOC111137575,4,3,1
LOC111137576,3,4,-1
LOC111137578,0,1,-1
LOC111137583,2,1,1
LOC111137590,2,1,1
LOC111137593,1,2,-1
LOC111137600,1,2,-1
LOC111137602,5,3,2
LOC111137612,2,4,-2
LOC111137616,2,1,1
LOC111137618,1,2,-1
LOC111137631,5,4,1
LOC111137636,1,2,-1
LOC111137639,6,2,4
LOC111137640,6,4,2
LOC111137642,0,1,-1
LOC111137654,1,2,-1
LOC111137659,5,4,1
LOC111137667,2,3,-1
LOC111137671,3,2,1
LOC111137675,11,9,2
LOC111137676,4,3,1
LOC111137677,5,4,1
LOC111137689,1,2,-1
LOC111137693,2,1,1
LOC111137695,5,4,1
LOC111137702,5,4,1
LOC111137704,2,1,1
LOC111137705,2,1,1
LOC111137707,1,2,-1
LOC111137714,4,3,1
LOC111137720,1,2,-1
LOC111137723,2,1,1
LOC111137727,12,8,4
LOC111137732,0,1,-1
LOC111137738,1,2,-1
LOC111137741,1,2,-1
LOC111137742,3,4,-1
LOC111137743,2,1,1
LOC111137744,2,1,1
LOC111137747,3,2,1
LOC111137754,0,1,-1
LOC111137773,2,1,1
LOC111137784,3,2,1
LOC111137788,0,2,-2
LOC111137816,2,1,1
LOC111137821,4,3,1
LOC111137825,16,17,-1
LOC111137839,2,1,1
LOC111137842,1,2,-1
LOC111137845,1,2,-1
LOC111137854,2,1,1
LOC111137857,1,2,-1
LOC111137863,0,1,-1
LOC111137865,0,1,-1
LOC111137891,1,3,-2
LOC111137895,2,1,1
LOC111137898,2,1,1
LOC111137904,1,2,-1
LOC111137933,4,5,-1
LOC111137936,4,3,1
LOC111137937,2,1,1
LOC111137938,1,2,-1
LOC111137944,0,1,-1
LOC111137947,10,6,4
LOC111137960,4,5,-1
LOC111137978,0,1,-1
LOC111137998,2,1,1
LOC111138031,6,10,-4
LOC111138032,4,5,-1
LOC111138065,5,2,3
LOC111138069,4,5,-1
LOC111138072,1,2,-1
LOC111138078,1,2,-1
LOC111138080,2,1,1
LOC111138093,3,2,1
LOC111138112,8,5,3
LOC111138114,2,1,1
LOC111138117,3,2,1
LOC111138118,1,3,-2
LOC111138121,1,2,-1
LOC111138124,6,5,1
LOC111138125,8,7,1
LOC111138129,5,3,2
LOC111138145,3,2,1
LOC111138152,1,2,-1
LOC111138158,2,3,-1
LOC111138161,0,1,-1
LOC111138164,2,1,1
LOC111138165,3,2,1
LOC111138185,6,5,1
LOC111138209,3,4,-1
LOC111138211,1,2,-1
LOC111138213,3,2,1
LOC111138215,1,2,-1
LOC111138218,2,1,1
LOC111138237,6,3,3
LOC111138240,0,1,-1
LOC111138248,1,2,-1
LOC111138253,3,1,2
LOC111138262,2,1,1
LOC111138299,1,2,-1
LOC111138314,15,13,2
LOC111138319,8,7,1
LOC111138324,2,3,-1
LOC111138326,2,1,1
LOC111138335,1,2,-1
LOC111138343,2,4,-2
LOC111138373,1,2,-1
LOC111138376,1,2,-1
LOC111138384,1,2,-1
LOC111138386,1,2,-1
LOC111138400,3,2,1
LOC111138403,4,5,-1
LOC111138409,2,1,1
LOC111138410,3,2,1
LOC111138425,4,3,1
LOC111138430,0,1,-1
LOC111138434,2,1,1
LOC111138436,2,1,1
LOC111138441,4,3,1
LOC111138443,6,5,1
LOC111138460,1,2,-1
LOC111138462,4,2,2
LOC111138466,5,3,2
LOC111138483,2,4,-2
LOC111138491,4,3,1
LOC111138493,5,4,1
LOC111138499,5,4,1
LOC111138501,1,2,-1
LOC111138502,3,2,1
LOC111138504,1,2,-1
LOC111138521,2,3,-1
Trnaa-agc,15,16,-1
Trnaa-cgc,6,11,-5
Trnaa-ugc,24,28,-4
Trnad-guc,15,14,1
Trnae-cuc,15,13,2
Trnai-uau,4,5,-1
Trnak-cuu,29,26,3
Trnak-uuu,24,31,-7
Trnal-caa,1,3,-2
Trnam-cau,18,27,-9
Trnan-guu,16,15,1
Trnap-ugg,11,12,-1
Trnar-ccu,25,30,-5
Trnar-ucu,7,9,-2
Trnat-agu,26,31,-5
Trnat-ggu,17,24,-7
Trnav-aac,8,9,-1
Trnaw-cca,8,9,-1
Trnay-gua,7,8,-1
