gene_name,control_females_max_transcript_counts,control_males_max_transcript_counts,difference
LOC111099035,2,1,1
LOC111099036,2,1,1
LOC111099040,18,13,5
LOC111099043,2,1,1
LOC111099047,6,5,1
LOC111099049,1,2,-1
LOC111099059,2,3,-1
LOC111099068,2,1,1
LOC111099070,2,4,-2
LOC111099078,1,2,-1
LOC111099084,1,2,-1
LOC111099085,0,1,-1
LOC111099086,1,0,1
LOC111099087,1,2,-1
LOC111099089,0,1,-1
LOC111099097,3,2,1
LOC111099099,2,3,-1
LOC111099101,3,2,1
LOC111099106,4,2,2
LOC111099122,3,2,1
LOC111099125,5,3,2
LOC111099127,3,2,1
LOC111099133,1,2,-1
LOC111099145,2,1,1
LOC111099147,2,1,1
LOC111099150,5,4,1
LOC111099151,2,1,1
LOC111099157,17,14,3
LOC111099190,1,2,-1
LOC111099194,19,11,8
LOC111099196,5,2,3
LOC111099198,1,2,-1
LOC111099206,4,2,2
LOC111099222,6,3,3
LOC111099227,3,2,1
LOC111099409,0,1,-1
LOC111099412,0,1,-1
LOC111099415,2,1,1
LOC111099425,1,0,1
LOC111099431,1,0,1
LOC111099441,1,0,1
LOC111099450,3,2,1
LOC111099457,11,4,7
LOC111099464,2,1,1
LOC111099465,1,2,-1
LOC111099482,0,1,-1
LOC111099483,4,3,1
LOC111099490,2,1,1
LOC111099491,0,1,-1
LOC111099498,2,1,1
LOC111099499,0,1,-1
LOC111099504,3,4,-1
LOC111099508,2,1,1
LOC111099518,4,3,1
LOC111099520,0,1,-1
LOC111099532,2,1,1
LOC111099537,2,1,1
LOC111099542,2,1,1
LOC111099562,0,1,-1
LOC111099566,2,1,1
LOC111099572,1,2,-1
LOC111099575,1,4,-3
LOC111099579,4,1,3
LOC111099587,5,2,3
LOC111099592,4,3,1
LOC111099595,1,0,1
LOC111099602,0,1,-1
LOC111099603,13,9,4
LOC111099610,6,5,1
LOC111099615,5,4,1
LOC111099632,1,3,-2
LOC111099634,1,0,1
LOC111099641,0,1,-1
LOC111099642,2,1,1
LOC111099649,2,1,1
LOC111099655,2,1,1
LOC111099659,3,2,1
LOC111099662,2,1,1
LOC111099663,2,5,-3
LOC111099673,3,0,3
LOC111099678,1,2,-1
LOC111099684,2,1,1
LOC111099686,2,1,1
LOC111099689,1,2,-1
LOC111099692,11,7,4
LOC111099696,3,1,2
LOC111099698,1,0,1
LOC111099699,0,1,-1
LOC111099700,5,3,2
LOC111099706,3,1,2
LOC111099707,1,0,1
LOC111099709,3,2,1
LOC111099711,4,3,1
LOC111099721,6,3,3
LOC111099722,2,1,1
LOC111099730,0,1,-1
LOC111099733,1,2,-1
LOC111099734,2,1,1
LOC111099737,6,5,1
LOC111099746,6,4,2
LOC111099754,2,1,1
LOC111099759,0,1,-1
LOC111099770,3,2,1
LOC111099771,7,5,2
LOC111099773,3,4,-1
LOC111099781,4,3,1
LOC111099789,3,2,1
LOC111099794,3,5,-2
LOC111099804,3,1,2
LOC111099809,0,1,-1
LOC111099830,4,3,1
LOC111099833,0,1,-1
LOC111099836,0,1,-1
LOC111099837,0,1,-1
LOC111099838,0,1,-1
LOC111099848,0,1,-1
LOC111099849,4,3,1
LOC111099854,2,1,1
LOC111099870,13,7,6
LOC111099877,2,1,1
LOC111099879,1,2,-1
LOC111099880,3,2,1
LOC111099891,1,0,1
LOC111099892,5,2,3
LOC111099893,2,1,1
LOC111099899,4,3,1
LOC111099901,0,1,-1
LOC111099908,0,1,-1
LOC111099916,2,3,-1
LOC111099920,5,1,4
LOC111099925,1,2,-1
LOC111099927,2,1,1
LOC111099929,8,5,3
LOC111099930,0,1,-1
LOC111099944,3,2,1
LOC111099945,2,1,1
LOC111099947,2,1,1
LOC111099955,1,2,-1
LOC111099956,4,3,1
LOC111099962,0,1,-1
LOC111099963,2,1,1
LOC111099967,3,1,2
LOC111099980,17,8,9
LOC111099984,0,1,-1
LOC111099987,1,2,-1
LOC111099991,0,1,-1
LOC111099993,2,1,1
LOC111099995,8,3,5
LOC111099999,0,2,-2
LOC111100000,0,1,-1
LOC111100009,1,0,1
LOC111100010,3,4,-1
LOC111100011,3,2,1
LOC111100014,2,1,1
LOC111100021,1,2,-1
LOC111100026,1,3,-2
LOC111100028,2,3,-1
LOC111100030,1,3,-2
LOC111100037,2,1,1
LOC111100056,2,1,1
LOC111100057,1,2,-1
LOC111100059,1,0,1
LOC111100064,5,2,3
LOC111100065,4,3,1
LOC111100066,1,2,-1
LOC111100069,3,2,1
LOC111100073,0,1,-1
LOC111100074,2,1,1
LOC111100078,2,4,-2
LOC111100079,1,2,-1
LOC111100080,2,1,1
LOC111100081,0,1,-1
LOC111100084,0,1,-1
LOC111100094,1,2,-1
LOC111100100,3,1,2
LOC111100117,4,2,2
LOC111100118,5,4,1
LOC111100121,0,1,-1
LOC111100122,0,1,-1
LOC111100123,1,0,1
LOC111100136,2,1,1
LOC111100138,1,2,-1
LOC111100140,1,0,1
LOC111100143,7,5,2
LOC111100144,2,1,1
LOC111100147,3,2,1
LOC111100148,5,4,1
LOC111100151,0,1,-1
LOC111100156,1,0,1
LOC111100159,0,1,-1
LOC111100165,4,3,1
LOC111100172,0,1,-1
LOC111100174,0,1,-1
LOC111100176,6,5,1
LOC111100182,0,1,-1
LOC111100185,1,2,-1
LOC111100186,4,3,1
LOC111100192,7,5,2
LOC111100196,3,2,1
LOC111100198,2,1,1
LOC111100207,1,2,-1
LOC111100217,1,0,1
LOC111100224,3,1,2
LOC111100226,0,1,-1
LOC111100229,2,1,1
LOC111100237,3,2,1
LOC111100239,8,6,2
LOC111100240,3,2,1
LOC111100241,5,2,3
LOC111100242,2,3,-1
LOC111100250,0,1,-1
LOC111100254,3,1,2
LOC111100257,4,3,1
LOC111100277,8,6,2
LOC111100278,9,3,6
LOC111100282,2,1,1
LOC111100286,2,1,1
LOC111100288,5,2,3
LOC111100293,5,4,1
LOC111100294,7,4,3
LOC111100299,2,3,-1
LOC111100304,2,1,1
LOC111100311,2,1,1
LOC111100313,1,0,1
LOC111100314,2,1,1
LOC111100316,5,4,1
LOC111100320,3,2,1
LOC111100321,2,1,1
LOC111100324,1,2,-1
LOC111100326,3,2,1
LOC111100327,6,4,2
LOC111100329,5,3,2
LOC111100330,3,4,-1
LOC111100334,1,2,-1
LOC111100336,6,4,2
LOC111100344,5,2,3
LOC111100361,0,1,-1
LOC111100362,3,2,1
LOC111100370,1,0,1
LOC111100375,9,4,5
LOC111100377,0,1,-1
LOC111100379,3,1,2
LOC111100384,5,4,1
LOC111100389,5,4,1
LOC111100391,2,1,1
LOC111100392,14,9,5
LOC111100393,3,4,-1
LOC111100396,2,1,1
LOC111100397,1,2,-1
LOC111100398,3,2,1
LOC111100403,9,10,-1
LOC111100404,1,2,-1
LOC111100406,8,5,3
LOC111100407,7,4,3
LOC111100408,7,4,3
LOC111100409,4,1,3
LOC111100411,2,1,1
LOC111100415,3,1,2
LOC111100418,3,2,1
LOC111100419,3,2,1
LOC111100420,1,2,-1
LOC111100425,4,5,-1
LOC111100426,8,6,2
LOC111100436,5,6,-1
LOC111100440,2,3,-1
LOC111100441,5,6,-1
LOC111100444,7,6,1
LOC111100465,8,7,1
LOC111100466,9,3,6
LOC111100470,3,2,1
LOC111100471,6,4,2
LOC111100480,0,1,-1
LOC111100481,6,3,3
LOC111100482,3,2,1
LOC111100485,1,2,-1
LOC111100486,4,3,1
LOC111100487,1,2,-1
LOC111100494,2,1,1
LOC111100506,3,2,1
LOC111100510,2,1,1
LOC111100522,6,3,3
LOC111100523,9,5,4
LOC111100529,2,1,1
LOC111100546,3,2,1
LOC111100548,9,6,3
LOC111100551,1,2,-1
LOC111100557,5,4,1
LOC111100564,2,1,1
LOC111100567,2,1,1
LOC111100568,8,5,3
LOC111100571,3,4,-1
LOC111100586,6,5,1
LOC111100587,3,2,1
LOC111100619,1,2,-1
LOC111100623,5,2,3
LOC111100625,3,2,1
LOC111100628,3,1,2
LOC111100632,4,3,1
LOC111100633,2,1,1
LOC111100634,4,2,2
LOC111100635,3,1,2
LOC111100696,0,1,-1
LOC111100734,4,2,2
LOC111100751,1,0,1
LOC111100765,6,5,1
LOC111100788,7,5,2
LOC111100790,3,2,1
LOC111100792,11,5,6
LOC111100801,4,2,2
LOC111100815,2,5,-3
LOC111100816,2,1,1
LOC111100821,2,1,1
LOC111100838,4,1,3
LOC111100839,2,1,1
LOC111100840,1,2,-1
LOC111100844,3,2,1
LOC111100858,6,4,2
LOC111100861,2,1,1
LOC111100867,2,1,1
LOC111100869,2,4,-2
LOC111100872,4,2,2
LOC111100874,2,1,1
LOC111100879,2,1,1
LOC111100893,2,3,-1
LOC111100895,2,1,1
LOC111100896,11,7,4
LOC111100897,5,4,1
LOC111100899,3,0,3
LOC111100906,4,2,2
LOC111100907,3,1,2
LOC111100915,2,1,1
LOC111100924,5,3,2
LOC111100927,3,2,1
LOC111100943,1,2,-1
LOC111100954,1,2,-1
LOC111100964,3,2,1
LOC111100973,2,1,1
LOC111100974,1,2,-1
LOC111100975,1,3,-2
LOC111100977,3,2,1
LOC111100983,2,1,1
LOC111100984,4,2,2
LOC111100989,8,6,2
LOC111100993,4,2,2
LOC111100998,0,1,-1
LOC111101001,3,0,3
LOC111101006,4,3,1
LOC111101010,2,1,1
LOC111101014,3,1,2
LOC111101015,2,1,1
LOC111101016,2,1,1
LOC111101018,2,1,1
LOC111101019,1,0,1
LOC111101021,2,1,1
LOC111101023,3,2,1
LOC111101026,3,1,2
LOC111101027,4,3,1
LOC111101028,4,3,1
LOC111101031,3,2,1
LOC111101033,6,4,2
LOC111101036,20,15,5
LOC111101049,6,3,3
LOC111101050,7,4,3
LOC111101060,6,3,3
LOC111101067,3,2,1
LOC111101077,2,1,1
LOC111101078,3,1,2
LOC111101080,3,4,-1
LOC111101081,1,2,-1
LOC111101086,2,1,1
LOC111101098,1,0,1
LOC111101099,2,1,1
LOC111101102,4,2,2
LOC111101104,0,1,-1
LOC111101114,2,1,1
LOC111101125,1,0,1
LOC111101134,4,2,2
LOC111101136,3,2,1
LOC111101137,4,3,1
LOC111101138,5,3,2
LOC111101139,3,1,2
LOC111101141,2,1,1
LOC111101148,4,3,1
LOC111101151,1,2,-1
LOC111101163,5,1,4
LOC111101171,1,2,-1
LOC111101173,2,1,1
LOC111101175,3,2,1
LOC111101185,4,3,1
LOC111101190,4,2,2
LOC111101206,3,2,1
LOC111101211,2,1,1
LOC111101212,16,9,7
LOC111101216,2,1,1
LOC111101224,2,1,1
LOC111101229,3,2,1
LOC111101230,3,1,2
LOC111101241,1,2,-1
LOC111101249,3,2,1
LOC111101251,5,3,2
LOC111101258,5,2,3
LOC111101274,2,1,1
LOC111101293,1,2,-1
LOC111101311,0,1,-1
LOC111101327,2,1,1
LOC111101329,3,2,1
LOC111101341,1,2,-1
LOC111101353,6,4,2
LOC111101355,1,2,-1
LOC111101366,3,2,1
LOC111101370,5,0,5
LOC111101372,0,1,-1
LOC111101381,3,1,2
LOC111101390,1,2,-1
LOC111101393,2,1,1
LOC111101394,2,1,1
LOC111101398,0,1,-1
LOC111101402,2,1,1
LOC111101405,3,2,1
LOC111101412,3,4,-1
LOC111101414,2,1,1
LOC111101442,1,0,1
LOC111101445,2,1,1
LOC111101448,6,5,1
LOC111101449,3,2,1
LOC111101452,2,1,1
LOC111101458,4,3,1
LOC111101462,2,1,1
LOC111101466,2,1,1
LOC111101470,4,2,2
LOC111101471,5,4,1
LOC111101473,3,2,1
LOC111101489,5,4,1
LOC111101494,0,1,-1
LOC111101496,1,0,1
LOC111101503,2,1,1
LOC111101513,1,0,1
LOC111101517,4,3,1
LOC111101518,4,3,1
LOC111101524,2,1,1
LOC111101526,4,2,2
LOC111101535,0,1,-1
LOC111101537,1,0,1
LOC111101547,2,1,1
LOC111101549,4,2,2
LOC111101552,2,1,1
LOC111101588,6,4,2
LOC111101597,0,1,-1
LOC111101601,3,1,2
LOC111101602,1,2,-1
LOC111101604,2,1,1
LOC111101607,5,6,-1
LOC111101612,10,3,7
LOC111101621,3,2,1
LOC111101627,1,0,1
LOC111101629,4,2,2
LOC111101652,4,3,1
LOC111101663,1,2,-1
LOC111101664,2,1,1
LOC111101668,1,2,-1
LOC111101677,1,2,-1
LOC111101681,2,1,1
LOC111101689,6,4,2
LOC111101692,1,0,1
LOC111101696,2,3,-1
LOC111101706,2,1,1
LOC111101711,4,2,2
LOC111101714,2,0,2
LOC111101719,1,0,1
LOC111101732,0,1,-1
LOC111101736,4,2,2
LOC111101738,0,1,-1
LOC111101741,2,3,-1
LOC111101742,1,2,-1
LOC111101748,2,1,1
LOC111101750,1,0,1
LOC111101752,2,1,1
LOC111101754,1,0,1
LOC111101755,1,0,1
LOC111101763,2,1,1
LOC111101766,1,2,-1
LOC111101767,1,0,1
LOC111101771,1,2,-1
LOC111101772,2,1,1
LOC111101776,3,2,1
LOC111101781,2,1,1
LOC111101797,1,0,1
LOC111101809,2,1,1
LOC111101814,4,3,1
LOC111101820,4,3,1
LOC111101823,1,2,-1
LOC111101830,1,2,-1
LOC111101850,4,2,2
LOC111101852,6,4,2
LOC111101854,2,1,1
LOC111101858,1,0,1
LOC111101863,1,2,-1
LOC111101864,1,2,-1
LOC111101871,6,5,1
LOC111101879,2,1,1
LOC111101888,2,1,1
LOC111101890,2,1,1
LOC111101900,0,1,-1
LOC111101913,0,1,-1
LOC111101979,2,1,1
LOC111102020,2,1,1
LOC111102026,1,0,1
LOC111102028,1,0,1
LOC111102037,0,1,-1
LOC111102043,1,0,1
LOC111102098,0,1,-1
LOC111102100,1,0,1
LOC111102103,1,0,1
LOC111102128,0,1,-1
LOC111102148,1,0,1
LOC111102164,0,1,-1
LOC111102168,2,1,1
LOC111102176,0,1,-1
LOC111102184,2,1,1
LOC111102193,0,1,-1
LOC111102213,1,0,1
LOC111102216,0,1,-1
LOC111102237,13,9,4
LOC111102238,3,2,1
LOC111102250,1,2,-1
LOC111102256,1,0,1
LOC111102257,2,1,1
LOC111102260,1,0,1
LOC111102262,2,1,1
LOC111102283,3,2,1
LOC111102291,2,1,1
LOC111102299,2,1,1
LOC111102303,2,1,1
LOC111102310,1,0,1
LOC111102339,1,3,-2
LOC111102341,0,1,-1
LOC111102342,2,1,1
LOC111102349,0,2,-2
LOC111102358,0,1,-1
LOC111102359,2,1,1
LOC111102361,12,11,1
LOC111102364,0,1,-1
LOC111102369,3,2,1
LOC111102374,3,2,1
LOC111102388,2,1,1
LOC111102398,1,0,1
LOC111102401,1,0,1
LOC111102404,1,0,1
LOC111102426,33,16,17
LOC111102432,4,1,3
LOC111102435,3,2,1
LOC111102446,4,2,2
LOC111102449,2,1,1
LOC111102454,2,1,1
LOC111102463,3,2,1
LOC111102475,3,2,1
LOC111102485,4,3,1
LOC111102490,3,2,1
LOC111102495,11,5,6
LOC111102500,2,1,1
LOC111102502,0,1,-1
LOC111102504,3,2,1
LOC111102507,1,0,1
LOC111102508,1,2,-1
LOC111102514,3,1,2
LOC111102519,1,2,-1
LOC111102521,3,2,1
LOC111102526,2,1,1
LOC111102528,2,1,1
LOC111102530,2,1,1
LOC111102536,2,1,1
LOC111102541,2,1,1
LOC111102543,0,1,-1
LOC111102547,0,1,-1
LOC111102563,2,1,1
LOC111102567,1,2,-1
LOC111102569,2,1,1
LOC111102571,5,3,2
LOC111102584,6,2,4
LOC111102619,2,1,1
LOC111102627,2,1,1
LOC111102629,0,1,-1
LOC111102648,2,1,1
LOC111102657,0,1,-1
LOC111102662,2,1,1
LOC111102663,0,1,-1
LOC111102668,2,1,1
LOC111102675,6,5,1
LOC111102677,2,3,-1
LOC111102681,0,1,-1
LOC111102686,1,2,-1
LOC111102692,1,2,-1
LOC111102693,0,1,-1
LOC111102697,2,1,1
LOC111102699,2,1,1
LOC111102712,0,1,-1
LOC111102717,2,1,1
LOC111102718,2,1,1
LOC111102721,2,0,2
LOC111102722,0,1,-1
LOC111102723,2,1,1
LOC111102726,1,0,1
LOC111102732,0,1,-1
LOC111102736,2,1,1
LOC111102737,3,2,1
LOC111102745,4,2,2
LOC111102747,3,2,1
LOC111102773,0,1,-1
LOC111102779,3,1,2
LOC111102781,1,2,-1
LOC111102783,0,1,-1
LOC111102786,0,1,-1
LOC111102801,5,3,2
LOC111102810,3,2,1
LOC111102813,2,1,1
LOC111102817,6,2,4
LOC111102820,3,1,2
LOC111102833,21,18,3
LOC111102834,4,3,1
LOC111102835,3,2,1
LOC111102836,2,1,1
LOC111102837,2,1,1
LOC111102839,4,2,2
LOC111102841,3,4,-1
LOC111102852,1,2,-1
LOC111102856,1,0,1
LOC111102865,3,1,2
LOC111102868,1,0,1
LOC111102872,4,2,2
LOC111102878,4,5,-1
LOC111102887,1,2,-1
LOC111102902,2,1,1
LOC111102911,2,1,1
LOC111102912,3,2,1
LOC111102918,2,1,1
LOC111102920,2,1,1
LOC111102933,0,1,-1
LOC111102943,2,1,1
LOC111102948,0,1,-1
LOC111102960,5,2,3
LOC111102962,2,1,1
LOC111102966,1,2,-1
LOC111102968,0,1,-1
LOC111102976,0,1,-1
LOC111102981,2,1,1
LOC111102983,1,0,1
LOC111102989,2,1,1
LOC111102991,2,1,1
LOC111102995,1,2,-1
LOC111103002,3,1,2
LOC111103003,1,3,-2
LOC111103010,0,1,-1
LOC111103015,6,2,4
LOC111103016,2,1,1
LOC111103018,3,1,2
LOC111103019,5,3,2
LOC111103024,5,2,3
LOC111103027,2,1,1
LOC111103034,1,0,1
LOC111103035,0,1,-1
LOC111103039,2,1,1
LOC111103042,0,1,-1
LOC111103055,1,2,-1
LOC111103058,2,1,1
LOC111103061,7,5,2
LOC111103065,1,0,1
LOC111103071,2,1,1
LOC111103078,0,1,-1
LOC111103080,3,2,1
LOC111103083,1,0,1
LOC111103087,1,3,-2
LOC111103090,6,5,1
LOC111103091,2,1,1
LOC111103092,1,3,-2
LOC111103095,4,5,-1
LOC111103115,9,7,2
LOC111103119,1,3,-2
LOC111103122,0,1,-1
LOC111103127,2,1,1
LOC111103133,1,0,1
LOC111103134,0,1,-1
LOC111103138,1,0,1
LOC111103141,0,1,-1
LOC111103147,1,0,1
LOC111103148,4,3,1
LOC111103153,1,2,-1
LOC111103155,2,1,1
LOC111103169,1,3,-2
LOC111103172,3,1,2
LOC111103174,2,1,1
LOC111103175,3,1,2
LOC111103176,5,4,1
LOC111103179,1,0,1
LOC111103180,2,1,1
LOC111103182,3,2,1
LOC111103190,2,1,1
LOC111103191,2,1,1
LOC111103207,2,1,1
LOC111103215,3,2,1
LOC111103222,1,0,1
LOC111103223,8,7,1
LOC111103234,3,2,1
LOC111103236,2,3,-1
LOC111103241,0,1,-1
LOC111103243,0,1,-1
LOC111103244,15,6,9
LOC111103246,4,2,2
LOC111103258,0,1,-1
LOC111103270,7,2,5
LOC111103274,3,1,2
LOC111103278,0,1,-1
LOC111103282,0,1,-1
LOC111103287,15,8,7
LOC111103298,2,1,1
LOC111103301,0,1,-1
LOC111103302,0,1,-1
LOC111103308,1,0,1
LOC111103323,6,5,1
LOC111103324,0,1,-1
LOC111103328,1,2,-1
LOC111103337,4,5,-1
LOC111103338,2,1,1
LOC111103339,3,2,1
LOC111103341,0,1,-1
LOC111103342,3,2,1
LOC111103344,11,10,1
LOC111103345,18,14,4
LOC111103347,4,2,2
LOC111103356,7,5,2
LOC111103366,6,4,2
LOC111103368,0,1,-1
LOC111103369,0,1,-1
LOC111103370,6,5,1
LOC111103375,9,7,2
LOC111103381,4,1,3
LOC111103386,1,0,1
LOC111103387,6,3,3
LOC111103393,9,6,3
LOC111103396,10,6,4
LOC111103398,2,1,1
LOC111103401,3,2,1
LOC111103404,2,1,1
LOC111103405,3,2,1
LOC111103413,0,1,-1
LOC111103425,0,1,-1
LOC111103426,1,0,1
LOC111103430,7,6,1
LOC111103431,9,7,2
LOC111103432,0,1,-1
LOC111103435,0,1,-1
LOC111103440,0,1,-1
LOC111103443,4,5,-1
LOC111103454,0,1,-1
LOC111103456,0,1,-1
LOC111103460,1,0,1
LOC111103467,2,1,1
LOC111103477,0,1,-1
LOC111103478,1,0,1
LOC111103480,7,4,3
LOC111103482,4,3,1
LOC111103483,0,1,-1
LOC111103487,1,2,-1
LOC111103494,2,1,1
LOC111103506,1,0,1
LOC111103511,4,3,1
LOC111103514,6,4,2
LOC111103517,5,6,-1
LOC111103518,3,2,1
LOC111103519,3,1,2
LOC111103533,0,1,-1
LOC111103550,2,1,1
LOC111103553,1,2,-1
LOC111103560,3,4,-1
LOC111103566,1,0,1
LOC111103570,3,2,1
LOC111103574,3,2,1
LOC111103578,3,1,2
LOC111103581,3,2,1
LOC111103585,1,2,-1
LOC111103587,4,3,1
LOC111103589,4,3,1
LOC111103591,1,2,-1
LOC111103594,3,2,1
LOC111103596,7,5,2
LOC111103605,8,7,1
LOC111103631,1,0,1
LOC111103635,3,2,1
LOC111103646,7,2,5
LOC111103651,1,2,-1
LOC111103655,4,2,2
LOC111103658,5,4,1
LOC111103660,2,1,1
LOC111103664,4,1,3
LOC111103674,1,0,1
LOC111103676,7,6,1
LOC111103678,0,1,-1
LOC111103680,4,3,1
LOC111103684,3,1,2
LOC111103686,0,1,-1
LOC111103692,4,3,1
LOC111103697,2,1,1
LOC111103700,5,4,1
LOC111103737,0,1,-1
LOC111103744,7,4,3
LOC111103746,0,1,-1
LOC111103747,0,1,-1
LOC111103755,1,2,-1
LOC111103769,0,1,-1
LOC111103778,4,3,1
LOC111103792,4,3,1
LOC111103798,2,1,1
LOC111103804,5,3,2
LOC111103805,5,4,1
LOC111103809,8,5,3
LOC111103811,3,2,1
LOC111103814,9,7,2
LOC111103819,6,5,1
LOC111103821,3,2,1
LOC111103824,11,5,6
LOC111103827,3,2,1
LOC111103829,3,2,1
LOC111103842,1,2,-1
LOC111103846,5,4,1
LOC111103858,3,2,1
LOC111103860,2,1,1
LOC111103863,1,2,-1
LOC111103868,6,5,1
LOC111103869,12,11,1
LOC111103871,2,1,1
LOC111103892,2,1,1
LOC111103901,7,3,4
LOC111103904,3,2,1
LOC111103906,2,1,1
LOC111103907,6,5,1
LOC111103912,3,2,1
LOC111103928,2,1,1
LOC111103930,5,6,-1
LOC111103932,1,0,1
LOC111103948,3,2,1
LOC111103950,1,2,-1
LOC111103951,0,1,-1
LOC111103952,2,3,-1
LOC111103956,3,2,1
LOC111103959,5,4,1
LOC111103967,3,4,-1
LOC111103979,2,1,1
LOC111103981,2,1,1
LOC111103991,2,1,1
LOC111103994,5,3,2
LOC111103996,6,3,3
LOC111104008,8,5,3
LOC111104009,3,2,1
LOC111104011,1,3,-2
LOC111104015,2,1,1
LOC111104023,3,1,2
LOC111104030,1,2,-1
LOC111104042,2,1,1
LOC111104048,1,2,-1
LOC111104050,1,2,-1
LOC111104055,4,2,2
LOC111104056,1,2,-1
LOC111104061,3,2,1
LOC111104063,12,9,3
LOC111104067,2,1,1
LOC111104082,2,1,1
LOC111104084,8,4,4
LOC111104098,6,5,1
LOC111104103,2,1,1
LOC111104107,2,1,1
LOC111104110,2,3,-1
LOC111104112,7,6,1
LOC111104117,3,1,2
LOC111104129,2,1,1
LOC111104135,4,3,1
LOC111104160,2,1,1
LOC111104169,4,3,1
LOC111104175,2,1,1
LOC111104180,6,3,3
LOC111104190,13,7,6
LOC111104193,5,3,2
LOC111104198,3,4,-1
LOC111104211,2,3,-1
LOC111104216,0,1,-1
LOC111104221,4,3,1
LOC111104223,3,1,2
LOC111104228,3,4,-1
LOC111104234,2,1,1
LOC111104251,1,2,-1
LOC111104252,3,2,1
LOC111104269,9,6,3
LOC111104282,1,0,1
LOC111104287,5,4,1
LOC111104313,3,2,1
LOC111104315,4,3,1
LOC111104316,4,2,2
LOC111104321,1,2,-1
LOC111104325,1,2,-1
LOC111104330,4,3,1
LOC111104336,0,1,-1
LOC111104339,0,1,-1
LOC111104346,3,2,1
LOC111104349,5,2,3
LOC111104354,3,2,1
LOC111104364,1,2,-1
LOC111104379,0,1,-1
LOC111104380,3,2,1
LOC111104382,9,4,5
LOC111104386,4,3,1
LOC111104387,2,1,1
LOC111104401,10,7,3
LOC111104411,2,1,1
LOC111104412,1,0,1
LOC111104414,2,1,1
LOC111104417,1,3,-2
LOC111104422,1,2,-1
LOC111104430,2,3,-1
LOC111104432,9,7,2
LOC111104433,3,2,1
LOC111104437,2,1,1
LOC111104448,2,1,1
LOC111104451,5,4,1
LOC111104453,5,2,3
LOC111104459,1,0,1
LOC111104461,2,1,1
LOC111104464,4,3,1
LOC111104474,3,1,2
LOC111104488,1,4,-3
LOC111104489,2,1,1
LOC111104497,4,3,1
LOC111104508,1,2,-1
LOC111104511,2,1,1
LOC111104515,5,3,2
LOC111104526,3,5,-2
LOC111104529,3,2,1
LOC111104540,3,1,2
LOC111104544,2,1,1
LOC111104545,2,1,1
LOC111104557,2,1,1
LOC111104568,2,1,1
LOC111104572,2,1,1
LOC111104583,0,1,-1
LOC111104591,3,2,1
LOC111104598,3,1,2
LOC111104602,2,1,1
LOC111104603,2,1,1
LOC111104621,1,2,-1
LOC111104625,3,4,-1
LOC111104627,2,0,2
LOC111104628,2,1,1
LOC111104629,20,25,-5
LOC111104631,2,1,1
LOC111104637,2,1,1
LOC111104646,0,1,-1
LOC111104648,2,3,-1
LOC111104662,1,2,-1
LOC111104666,2,1,1
LOC111104684,2,1,1
LOC111104689,4,3,1
LOC111104697,3,2,1
LOC111104709,2,3,-1
LOC111104711,6,1,5
LOC111104714,4,3,1
LOC111104721,3,2,1
LOC111104732,2,1,1
LOC111104738,2,1,1
LOC111104744,2,1,1
LOC111104747,2,1,1
LOC111104752,5,4,1
LOC111104754,2,1,1
LOC111104764,1,2,-1
LOC111104767,3,2,1
LOC111104769,5,4,1
LOC111104773,1,2,-1
LOC111104774,0,1,-1
LOC111104776,1,3,-2
LOC111104777,1,3,-2
LOC111104786,1,2,-1
LOC111104793,2,1,1
LOC111104820,1,2,-1
LOC111104823,1,2,-1
LOC111104825,3,4,-1
LOC111104828,1,2,-1
LOC111104830,1,2,-1
LOC111104832,1,0,1
LOC111104834,5,3,2
LOC111104835,25,9,16
LOC111104839,3,2,1
LOC111104842,2,1,1
LOC111104854,0,1,-1
LOC111104868,1,0,1
LOC111104873,2,1,1
LOC111104879,0,1,-1
LOC111104907,0,1,-1
LOC111104910,0,1,-1
LOC111104915,0,1,-1
LOC111104926,0,1,-1
LOC111104927,0,1,-1
LOC111104938,0,1,-1
LOC111104944,1,0,1
LOC111104957,0,1,-1
LOC111104961,0,1,-1
LOC111104963,0,1,-1
LOC111104973,1,0,1
LOC111104975,1,0,1
LOC111104983,0,1,-1
LOC111104984,0,1,-1
LOC111104999,0,1,-1
LOC111105002,0,1,-1
LOC111105006,0,1,-1
LOC111105008,0,1,-1
LOC111105009,0,1,-1
LOC111105023,0,1,-1
LOC111105035,3,2,1
LOC111105071,0,1,-1
LOC111105090,1,0,1
LOC111105099,1,0,1
LOC111105154,1,0,1
LOC111105211,2,1,1
LOC111105226,0,1,-1
LOC111105233,3,2,1
LOC111105238,1,2,-1
LOC111105239,1,2,-1
LOC111105242,0,1,-1
LOC111105249,3,2,1
LOC111105256,2,1,1
LOC111105259,2,1,1
LOC111105271,1,0,1
LOC111105272,3,1,2
LOC111105273,5,1,4
LOC111105276,3,1,2
LOC111105280,4,2,2
LOC111105288,0,1,-1
LOC111105291,1,2,-1
LOC111105295,3,2,1
LOC111105296,2,1,1
LOC111105304,2,5,-3
LOC111105317,1,2,-1
LOC111105328,2,1,1
LOC111105333,4,7,-3
LOC111105362,1,2,-1
LOC111105363,3,2,1
LOC111105365,3,2,1
LOC111105366,15,13,2
LOC111105367,6,5,1
LOC111105377,1,2,-1
LOC111105379,3,2,1
LOC111105382,4,2,2
LOC111105383,1,0,1
LOC111105401,1,0,1
LOC111105402,1,0,1
LOC111105404,3,1,2
LOC111105405,1,2,-1
LOC111105409,2,1,1
LOC111105418,1,2,-1
LOC111105423,5,2,3
LOC111105434,5,3,2
LOC111105435,1,2,-1
LOC111105450,3,2,1
LOC111105453,3,4,-1
LOC111105454,1,2,-1
LOC111105462,3,2,1
LOC111105464,2,1,1
LOC111105471,2,1,1
LOC111105478,2,1,1
LOC111105480,9,1,8
LOC111105489,1,2,-1
LOC111105494,4,1,3
LOC111105496,1,0,1
LOC111105501,2,3,-1
LOC111105503,2,1,1
LOC111105506,2,1,1
LOC111105509,7,5,2
LOC111105511,3,2,1
LOC111105516,2,1,1
LOC111105522,2,0,2
LOC111105534,0,1,-1
LOC111105540,2,1,1
LOC111105545,2,3,-1
LOC111105547,2,0,2
LOC111105554,1,0,1
LOC111105555,1,2,-1
LOC111105577,0,1,-1
LOC111105579,3,2,1
LOC111105580,3,2,1
LOC111105591,2,1,1
LOC111105593,2,1,1
LOC111105605,0,1,-1
LOC111105611,0,1,-1
LOC111105619,2,3,-1
LOC111105622,1,0,1
LOC111105629,2,1,1
LOC111105635,1,2,-1
LOC111105679,1,2,-1
LOC111105680,0,1,-1
LOC111105684,6,5,1
LOC111105686,2,3,-1
LOC111105713,5,4,1
LOC111105716,17,9,8
LOC111105730,3,2,1
LOC111105732,1,2,-1
LOC111105746,0,2,-2
LOC111105748,3,2,1
LOC111105752,2,1,1
LOC111105754,4,3,1
LOC111105763,3,1,2
LOC111105770,1,2,-1
LOC111105785,0,1,-1
LOC111105790,1,0,1
LOC111105795,3,2,1
LOC111105801,4,2,2
LOC111105805,2,1,1
LOC111105807,19,14,5
LOC111105810,3,2,1
LOC111105816,2,1,1
LOC111105820,0,1,-1
LOC111105823,1,0,1
LOC111105825,0,1,-1
LOC111105828,15,9,6
LOC111105831,2,1,1
LOC111105835,1,3,-2
LOC111105838,1,0,1
LOC111105840,3,2,1
LOC111105842,3,2,1
LOC111105847,4,3,1
LOC111105853,1,2,-1
LOC111105855,1,2,-1
LOC111105862,2,1,1
LOC111105873,0,1,-1
LOC111105883,0,1,-1
LOC111105885,0,1,-1
LOC111105901,2,1,1
LOC111105904,12,11,1
LOC111105916,4,3,1
LOC111105919,1,2,-1
LOC111105920,4,2,2
LOC111105921,3,2,1
LOC111105924,1,2,-1
LOC111105937,1,2,-1
LOC111105939,3,2,1
LOC111105940,2,1,1
LOC111105948,1,2,-1
LOC111105949,2,1,1
LOC111105950,2,1,1
LOC111105984,2,1,1
LOC111105991,2,1,1
LOC111105995,1,0,1
LOC111106007,2,1,1
LOC111106023,4,3,1
LOC111106030,2,1,1
LOC111106033,2,1,1
LOC111106038,2,1,1
LOC111106042,1,0,1
LOC111106044,2,1,1
LOC111106047,3,2,1
LOC111106078,0,1,-1
LOC111106095,2,1,1
LOC111106097,4,3,1
LOC111106104,2,1,1
LOC111106112,1,2,-1
LOC111106113,1,0,1
LOC111106114,1,0,1
LOC111106119,7,6,1
LOC111106135,1,2,-1
LOC111106137,1,0,1
LOC111106139,3,4,-1
LOC111106140,1,2,-1
LOC111106145,0,1,-1
LOC111106150,2,1,1
LOC111106154,2,3,-1
LOC111106158,2,1,1
LOC111106166,1,2,-1
LOC111106177,1,0,1
LOC111106179,3,2,1
LOC111106188,0,1,-1
LOC111106189,5,4,1
LOC111106190,2,1,1
LOC111106199,2,4,-2
LOC111106203,1,2,-1
LOC111106209,2,1,1
LOC111106212,7,3,4
LOC111106214,3,1,2
LOC111106218,0,1,-1
LOC111106220,0,1,-1
LOC111106240,9,8,1
LOC111106242,2,1,1
LOC111106244,1,2,-1
LOC111106245,0,1,-1
LOC111106255,3,2,1
LOC111106260,2,1,1
LOC111106267,3,2,1
LOC111106281,2,0,2
LOC111106292,2,1,1
LOC111106301,3,2,1
LOC111106304,2,1,1
LOC111106307,3,2,1
LOC111106309,2,1,1
LOC111106315,1,2,-1
LOC111106326,2,1,1
LOC111106333,5,7,-2
LOC111106339,4,5,-1
LOC111106341,0,1,-1
LOC111106344,2,1,1
LOC111106349,1,2,-1
LOC111106388,0,1,-1
LOC111106389,3,2,1
LOC111106402,1,2,-1
LOC111106412,1,2,-1
LOC111106413,1,0,1
LOC111106420,1,3,-2
LOC111106424,1,2,-1
LOC111106425,3,2,1
LOC111106430,1,0,1
LOC111106436,0,1,-1
LOC111106438,4,3,1
LOC111106447,0,1,-1
LOC111106453,1,0,1
LOC111106455,4,3,1
LOC111106457,3,2,1
LOC111106461,3,1,2
LOC111106465,2,6,-4
LOC111106471,1,0,1
LOC111106488,1,0,1
LOC111106498,2,1,1
LOC111106504,2,1,1
LOC111106507,1,2,-1
LOC111106514,3,1,2
LOC111106516,2,3,-1
LOC111106558,2,1,1
LOC111106560,0,1,-1
LOC111106562,0,1,-1
LOC111106567,2,1,1
LOC111106576,3,2,1
LOC111106578,1,2,-1
LOC111106580,0,1,-1
LOC111106603,0,1,-1
LOC111106606,2,1,1
LOC111106607,2,1,1
LOC111106612,0,1,-1
LOC111106620,2,1,1
LOC111106637,3,2,1
LOC111106650,3,2,1
LOC111106653,2,1,1
LOC111106654,2,1,1
LOC111106664,3,2,1
LOC111106666,2,1,1
LOC111106667,4,3,1
LOC111106668,5,2,3
LOC111106671,2,1,1
LOC111106672,1,2,-1
LOC111106679,2,0,2
LOC111106688,1,0,1
LOC111106701,2,1,1
LOC111106702,2,1,1
LOC111106705,2,1,1
LOC111106711,3,1,2
LOC111106714,2,1,1
LOC111106723,0,1,-1
LOC111106725,1,0,1
LOC111106726,2,1,1
LOC111106731,3,5,-2
LOC111106732,2,1,1
LOC111106739,2,1,1
LOC111106749,2,1,1
LOC111106758,1,0,1
LOC111106764,2,1,1
LOC111106765,3,2,1
LOC111106768,3,2,1
LOC111106776,2,1,1
LOC111106779,2,1,1
LOC111106790,1,2,-1
LOC111106793,1,2,-1
LOC111106795,2,1,1
LOC111106802,1,2,-1
LOC111106819,2,1,1
LOC111106828,1,2,-1
LOC111106830,14,6,8
LOC111106834,1,2,-1
LOC111106837,2,3,-1
LOC111106841,0,1,-1
LOC111106842,2,1,1
LOC111106854,1,2,-1
LOC111106859,4,2,2
LOC111106862,6,3,3
LOC111106865,1,0,1
LOC111106867,0,3,-3
LOC111106871,1,0,1
LOC111106874,5,2,3
LOC111106876,0,2,-2
LOC111106885,5,2,3
LOC111106889,0,1,-1
LOC111106890,1,2,-1
LOC111106893,0,1,-1
LOC111106894,1,0,1
LOC111106900,2,1,1
LOC111106901,4,2,2
LOC111106905,2,1,1
LOC111106917,2,1,1
LOC111106940,1,2,-1
LOC111106944,3,1,2
LOC111106946,1,0,1
LOC111106951,2,1,1
LOC111106958,2,1,1
LOC111106963,0,1,-1
LOC111106974,0,1,-1
LOC111106979,2,1,1
LOC111106980,16,11,5
LOC111106989,3,0,3
LOC111106990,2,1,1
LOC111106992,3,2,1
LOC111106997,1,0,1
LOC111107016,0,1,-1
LOC111107018,3,1,2
LOC111107031,1,0,1
LOC111107032,2,1,1
LOC111107041,1,2,-1
LOC111107046,5,4,1
LOC111107048,3,2,1
LOC111107057,2,1,1
LOC111107058,6,3,3
LOC111107062,2,1,1
LOC111107064,10,7,3
LOC111107073,0,1,-1
LOC111107079,0,1,-1
LOC111107085,2,1,1
LOC111107093,2,1,1
LOC111107094,1,2,-1
LOC111107095,0,1,-1
LOC111107096,4,1,3
LOC111107097,3,1,2
LOC111107099,4,2,2
LOC111107101,0,1,-1
LOC111107104,8,5,3
LOC111107115,1,0,1
LOC111107118,4,3,1
LOC111107128,0,1,-1
LOC111107129,0,1,-1
LOC111107131,1,0,1
LOC111107136,2,1,1
LOC111107138,12,5,7
LOC111107141,1,0,1
LOC111107144,2,3,-1
LOC111107155,6,7,-1
LOC111107170,3,2,1
LOC111107177,4,1,3
LOC111107185,2,3,-1
LOC111107186,2,1,1
LOC111107193,2,1,1
LOC111107197,1,2,-1
LOC111107202,0,1,-1
LOC111107203,1,0,1
LOC111107204,14,4,10
LOC111107211,0,1,-1
LOC111107250,10,4,6
LOC111107257,4,3,1
LOC111107266,4,3,1
LOC111107267,0,1,-1
LOC111107269,1,0,1
LOC111107271,1,2,-1
LOC111107278,10,9,1
LOC111107281,2,1,1
LOC111107284,3,4,-1
LOC111107319,1,0,1
LOC111107326,3,2,1
LOC111107328,14,16,-2
LOC111107342,4,3,1
LOC111107360,1,3,-2
LOC111107363,4,3,1
LOC111107364,4,3,1
LOC111107371,2,1,1
LOC111107381,0,1,-1
LOC111107387,4,3,1
LOC111107404,4,3,1
LOC111107409,5,4,1
LOC111107411,2,1,1
LOC111107416,0,1,-1
LOC111107422,5,3,2
LOC111107435,1,0,1
LOC111107437,2,1,1
LOC111107440,0,1,-1
LOC111107441,0,1,-1
LOC111107443,11,7,4
LOC111107462,7,5,2
LOC111107464,0,1,-1
LOC111107466,0,1,-1
LOC111107475,0,1,-1
LOC111107486,2,1,1
LOC111107489,2,1,1
LOC111107500,0,1,-1
LOC111107503,0,1,-1
LOC111107508,3,2,1
LOC111107510,2,1,1
LOC111107517,0,1,-1
LOC111107518,10,9,1
LOC111107545,7,5,2
LOC111107549,3,1,2
LOC111107551,1,2,-1
LOC111107555,2,1,1
LOC111107560,5,4,1
LOC111107574,5,4,1
LOC111107576,3,1,2
LOC111107585,0,1,-1
LOC111107586,1,2,-1
LOC111107595,7,6,1
LOC111107596,2,1,1
LOC111107620,4,3,1
LOC111107623,1,0,1
LOC111107627,4,3,1
LOC111107662,4,2,2
LOC111107663,2,1,1
LOC111107667,3,1,2
LOC111107668,2,3,-1
LOC111107669,5,4,1
LOC111107671,2,1,1
LOC111107672,2,3,-1
LOC111107675,2,1,1
LOC111107678,3,2,1
LOC111107682,3,2,1
LOC111107695,9,7,2
LOC111107697,2,1,1
LOC111107698,2,1,1
LOC111107701,1,2,-1
LOC111107704,2,1,1
LOC111107721,0,1,-1
LOC111107727,10,7,3
LOC111107728,2,1,1
LOC111107731,11,8,3
LOC111107737,2,1,1
LOC111107739,4,1,3
LOC111107740,0,1,-1
LOC111107751,0,1,-1
LOC111107757,3,2,1
LOC111107760,2,1,1
LOC111107767,3,2,1
LOC111107781,4,3,1
LOC111107786,3,2,1
LOC111107791,0,1,-1
LOC111107797,0,1,-1
LOC111107798,0,1,-1
LOC111107801,0,1,-1
LOC111107809,2,1,1
LOC111107815,3,2,1
LOC111107822,4,3,1
LOC111107824,2,1,1
LOC111107827,7,4,3
LOC111107832,4,3,1
LOC111107845,1,2,-1
LOC111107847,2,1,1
LOC111107852,4,3,1
LOC111107854,5,3,2
LOC111107855,2,1,1
LOC111107858,2,1,1
LOC111107863,4,2,2
LOC111107881,3,1,2
LOC111107884,2,1,1
LOC111107889,1,0,1
LOC111107907,4,3,1
LOC111107911,4,1,3
LOC111107917,6,5,1
LOC111107918,1,0,1
LOC111107926,2,4,-2
LOC111107927,1,2,-1
LOC111107933,12,10,2
LOC111107940,2,1,1
LOC111107955,4,3,1
LOC111107967,2,1,1
LOC111107974,2,1,1
LOC111107979,0,1,-1
LOC111107992,3,2,1
LOC111107997,2,4,-2
LOC111107998,0,1,-1
LOC111108006,8,6,2
LOC111108012,1,2,-1
LOC111108016,2,1,1
LOC111108022,6,4,2
LOC111108030,2,1,1
LOC111108038,3,2,1
LOC111108046,3,2,1
LOC111108050,7,6,1
LOC111108055,3,1,2
LOC111108063,4,3,1
LOC111108064,2,1,1
LOC111108071,1,2,-1
LOC111108077,0,1,-1
LOC111108079,1,0,1
LOC111108081,4,2,2
LOC111108086,24,15,9
LOC111108089,10,3,7
LOC111108091,2,1,1
LOC111108094,4,3,1
LOC111108099,0,1,-1
LOC111108116,2,1,1
LOC111108121,2,1,1
LOC111108126,2,1,1
LOC111108145,4,2,2
LOC111108147,2,1,1
LOC111108148,3,2,1
LOC111108158,1,0,1
LOC111108160,8,9,-1
LOC111108167,8,6,2
LOC111108170,3,2,1
LOC111108172,2,1,1
LOC111108179,6,4,2
LOC111108185,8,4,4
LOC111108186,9,11,-2
LOC111108190,3,2,1
LOC111108196,0,1,-1
LOC111108197,2,1,1
LOC111108199,4,2,2
LOC111108202,6,5,1
LOC111108206,2,1,1
LOC111108212,17,1,16
LOC111108221,2,1,1
LOC111108225,4,5,-1
LOC111108231,3,1,2
LOC111108234,3,2,1
LOC111108240,1,2,-1
LOC111108243,3,2,1
LOC111108244,1,2,-1
LOC111108248,7,3,4
LOC111108249,6,4,2
LOC111108266,2,1,1
LOC111108280,1,2,-1
LOC111108307,5,4,1
LOC111108310,2,3,-1
LOC111108314,3,2,1
LOC111108320,2,1,1
LOC111108322,3,4,-1
LOC111108332,2,1,1
LOC111108342,2,1,1
LOC111108353,4,3,1
LOC111108357,4,3,1
LOC111108368,2,1,1
LOC111108370,6,5,1
LOC111108379,3,2,1
LOC111108381,3,2,1
LOC111108385,3,2,1
LOC111108398,2,1,1
LOC111108399,1,2,-1
LOC111108403,5,2,3
LOC111108410,4,2,2
LOC111108426,4,3,1
LOC111108431,2,1,1
LOC111108439,10,8,2
LOC111108443,3,2,1
LOC111108451,3,2,1
LOC111108457,6,4,2
LOC111108459,4,2,2
LOC111108460,2,1,1
LOC111108461,2,1,1
LOC111108470,3,2,1
LOC111108471,3,2,1
LOC111108474,2,1,1
LOC111108476,5,4,1
LOC111108479,5,3,2
LOC111108483,0,1,-1
LOC111108492,2,1,1
LOC111108495,4,2,2
LOC111108501,8,6,2
LOC111108503,5,2,3
LOC111108506,2,3,-1
LOC111108523,6,3,3
LOC111108525,3,2,1
LOC111108530,0,1,-1
LOC111108534,3,1,2
LOC111108535,2,1,1
LOC111108536,1,2,-1
LOC111108537,2,1,1
LOC111108540,1,3,-2
LOC111108556,3,2,1
LOC111108558,2,1,1
LOC111108561,2,1,1
LOC111108564,1,2,-1
LOC111108565,2,1,1
LOC111108574,3,2,1
LOC111108577,2,1,1
LOC111108578,2,1,1
LOC111108586,6,3,3
LOC111108604,2,3,-1
LOC111108615,4,3,1
LOC111108621,2,1,1
LOC111108638,2,1,1
LOC111108653,6,5,1
LOC111108656,2,1,1
LOC111108659,3,2,1
LOC111108662,4,3,1
LOC111108663,1,2,-1
LOC111108681,1,0,1
LOC111108686,1,0,1
LOC111108687,1,0,1
LOC111108688,0,1,-1
LOC111108700,3,2,1
LOC111108708,2,1,1
LOC111108711,3,2,1
LOC111108716,2,1,1
LOC111108719,1,2,-1
LOC111108726,3,2,1
LOC111108732,1,2,-1
LOC111108749,3,1,2
LOC111108768,2,1,1
LOC111108769,4,5,-1
LOC111108771,1,2,-1
LOC111108772,1,3,-2
LOC111108779,3,2,1
LOC111108782,2,1,1
LOC111108794,0,1,-1
LOC111108799,4,3,1
LOC111108824,0,1,-1
LOC111108830,0,1,-1
LOC111108835,8,6,2
LOC111108838,0,1,-1
LOC111108876,0,1,-1
LOC111108877,0,1,-1
LOC111108931,3,2,1
LOC111108940,1,0,1
LOC111108941,1,0,1
LOC111108943,0,1,-1
LOC111108944,0,1,-1
LOC111108950,0,1,-1
LOC111108990,1,0,1
LOC111108993,0,1,-1
LOC111109043,2,3,-1
LOC111109065,0,1,-1
LOC111109077,0,1,-1
LOC111109088,0,1,-1
LOC111109106,0,1,-1
LOC111109132,2,1,1
LOC111109183,0,1,-1
LOC111109204,0,1,-1
LOC111109240,0,1,-1
LOC111109263,2,1,1
LOC111109314,0,1,-1
LOC111109358,0,1,-1
LOC111109369,3,2,1
LOC111109393,0,1,-1
LOC111109394,0,1,-1
LOC111109401,2,1,1
LOC111109404,5,1,4
LOC111109406,2,1,1
LOC111109410,2,1,1
LOC111109415,1,2,-1
LOC111109419,2,1,1
LOC111109432,2,1,1
LOC111109447,2,1,1
LOC111109449,2,1,1
LOC111109455,3,2,1
LOC111109456,2,1,1
LOC111109465,8,5,3
LOC111109473,3,2,1
LOC111109474,0,2,-2
LOC111109483,2,1,1
LOC111109484,9,1,8
LOC111109487,1,3,-2
LOC111109495,5,2,3
LOC111109497,0,1,-1
LOC111109499,2,3,-1
LOC111109508,2,1,1
LOC111109510,2,1,1
LOC111109515,2,1,1
LOC111109523,4,1,3
LOC111109526,4,2,2
LOC111109527,5,3,2
LOC111109543,3,2,1
LOC111109547,1,2,-1
LOC111109561,3,2,1
LOC111109588,2,1,1
LOC111109596,5,3,2
LOC111109606,3,1,2
LOC111109627,3,2,1
LOC111109629,2,1,1
LOC111109630,3,1,2
LOC111109634,1,2,-1
LOC111109641,1,2,-1
LOC111109649,4,3,1
LOC111109655,5,4,1
LOC111109657,6,2,4
LOC111109663,3,1,2
LOC111109664,5,4,1
LOC111109671,2,3,-1
LOC111109692,0,1,-1
LOC111109693,3,2,1
LOC111109705,2,1,1
LOC111109719,0,1,-1
LOC111109735,2,3,-1
LOC111109744,3,1,2
LOC111109750,2,1,1
LOC111109752,2,1,1
LOC111109767,2,1,1
LOC111109786,3,2,1
LOC111109793,1,2,-1
LOC111109803,1,2,-1
LOC111109814,2,1,1
LOC111109831,3,1,2
LOC111109833,1,2,-1
LOC111109840,1,2,-1
LOC111109846,1,2,-1
LOC111109852,5,1,4
LOC111109862,3,1,2
LOC111109868,3,2,1
LOC111109871,0,1,-1
LOC111109872,0,1,-1
LOC111109873,2,1,1
LOC111109879,3,1,2
LOC111109885,5,4,1
LOC111109889,2,1,1
LOC111109893,2,1,1
LOC111109914,2,1,1
LOC111109918,1,2,-1
LOC111109919,1,2,-1
LOC111109925,2,1,1
LOC111109937,2,1,1
LOC111109940,2,1,1
LOC111109949,7,6,1
LOC111109953,1,2,-1
LOC111109973,8,6,2
LOC111109979,1,0,1
LOC111109981,4,3,1
LOC111109990,2,1,1
LOC111109991,1,2,-1
LOC111109993,10,8,2
LOC111110011,2,1,1
LOC111110017,1,2,-1
LOC111110018,1,2,-1
LOC111110021,4,3,1
LOC111110024,1,2,-1
LOC111110028,10,6,4
LOC111110033,3,2,1
LOC111110036,0,1,-1
LOC111110037,1,2,-1
LOC111110038,3,2,1
LOC111110041,2,1,1
LOC111110043,2,1,1
LOC111110046,1,0,1
LOC111110051,2,3,-1
LOC111110063,2,1,1
LOC111110069,2,1,1
LOC111110073,2,4,-2
LOC111110078,2,1,1
LOC111110079,0,1,-1
LOC111110083,10,5,5
LOC111110084,5,4,1
LOC111110088,3,2,1
LOC111110089,3,2,1
LOC111110093,5,4,1
LOC111110094,1,2,-1
LOC111110100,2,1,1
LOC111110101,2,1,1
LOC111110102,1,2,-1
LOC111110109,2,1,1
LOC111110125,3,2,1
LOC111110130,1,2,-1
LOC111110131,3,2,1
LOC111110144,1,2,-1
LOC111110148,4,2,2
LOC111110149,2,1,1
LOC111110179,4,2,2
LOC111110196,1,2,-1
LOC111110199,2,3,-1
LOC111110204,1,2,-1
LOC111110218,2,1,1
LOC111110219,3,4,-1
LOC111110228,1,2,-1
LOC111110230,1,0,1
LOC111110231,1,0,1
LOC111110234,0,1,-1
LOC111110244,8,5,3
LOC111110250,4,3,1
LOC111110255,4,3,1
LOC111110256,0,1,-1
LOC111110262,2,1,1
LOC111110280,5,2,3
LOC111110285,2,1,1
LOC111110286,1,0,1
LOC111110290,2,1,1
LOC111110296,6,2,4
LOC111110297,7,6,1
LOC111110298,2,1,1
LOC111110303,2,1,1
LOC111110308,0,1,-1
LOC111110316,4,2,2
LOC111110319,2,1,1
LOC111110329,1,2,-1
LOC111110333,1,2,-1
LOC111110335,0,1,-1
LOC111110337,1,2,-1
LOC111110346,6,5,1
LOC111110347,11,6,5
LOC111110352,5,3,2
LOC111110354,0,1,-1
LOC111110355,2,1,1
LOC111110371,3,1,2
LOC111110383,2,1,1
LOC111110394,3,1,2
LOC111110395,1,2,-1
LOC111110398,2,3,-1
LOC111110405,0,1,-1
LOC111110407,2,1,1
LOC111110445,3,2,1
LOC111110476,6,1,5
LOC111110481,0,1,-1
LOC111110489,0,1,-1
LOC111110495,7,8,-1
LOC111110506,2,1,1
LOC111110507,3,2,1
LOC111110509,1,3,-2
LOC111110517,8,6,2
LOC111110526,6,2,4
LOC111110529,1,0,1
LOC111110531,0,1,-1
LOC111110542,3,2,1
LOC111110545,5,3,2
LOC111110570,1,0,1
LOC111110609,4,2,2
LOC111110615,2,3,-1
LOC111110617,0,1,-1
LOC111110628,2,1,1
LOC111110632,2,1,1
LOC111110633,1,2,-1
LOC111110634,2,1,1
LOC111110635,1,0,1
LOC111110637,5,3,2
LOC111110640,1,2,-1
LOC111110642,3,4,-1
LOC111110650,0,1,-1
LOC111110657,1,3,-2
LOC111110661,2,1,1
LOC111110671,3,4,-1
LOC111110672,2,1,1
LOC111110674,2,1,1
LOC111110708,2,1,1
LOC111110716,3,1,2
LOC111110720,3,2,1
LOC111110739,8,6,2
LOC111110743,2,3,-1
LOC111110748,6,4,2
LOC111110752,0,2,-2
LOC111110763,0,1,-1
LOC111110773,1,0,1
LOC111110782,3,2,1
LOC111110798,3,2,1
LOC111110802,2,1,1
LOC111110807,2,1,1
LOC111110808,0,1,-1
LOC111110811,3,2,1
LOC111110814,3,1,2
LOC111110816,3,1,2
LOC111110819,0,1,-1
LOC111110820,2,3,-1
LOC111110828,3,2,1
LOC111110829,1,0,1
LOC111110833,1,2,-1
LOC111110835,4,2,2
LOC111110839,1,2,-1
LOC111110863,7,4,3
LOC111110867,7,5,2
LOC111110886,2,1,1
LOC111110894,1,2,-1
LOC111110897,1,2,-1
LOC111110905,3,2,1
LOC111110908,2,1,1
LOC111110910,2,1,1
LOC111110913,1,0,1
LOC111110917,2,1,1
LOC111110918,0,1,-1
LOC111110919,0,1,-1
LOC111110929,3,2,1
LOC111110936,0,1,-1
LOC111110937,0,1,-1
LOC111110942,5,2,3
LOC111110946,9,6,3
LOC111110957,3,2,1
LOC111110965,6,3,3
LOC111110972,1,0,1
LOC111110975,5,4,1
LOC111110979,9,7,2
LOC111110985,3,4,-1
LOC111110987,0,1,-1
LOC111110989,2,1,1
LOC111110991,1,0,1
LOC111110996,2,0,2
LOC111110997,13,14,-1
LOC111110999,1,2,-1
LOC111111013,5,3,2
LOC111111017,3,2,1
LOC111111019,3,2,1
LOC111111025,3,2,1
LOC111111048,5,2,3
LOC111111050,11,8,3
LOC111111052,1,0,1
LOC111111056,3,1,2
LOC111111058,9,6,3
LOC111111064,2,1,1
LOC111111079,2,1,1
LOC111111082,0,1,-1
LOC111111099,2,4,-2
LOC111111101,1,2,-1
LOC111111109,0,1,-1
LOC111111110,1,0,1
LOC111111122,3,2,1
LOC111111124,6,5,1
LOC111111131,3,2,1
LOC111111132,2,1,1
LOC111111136,4,3,1
LOC111111140,1,0,1
LOC111111149,0,1,-1
LOC111111150,1,0,1
LOC111111155,2,1,1
LOC111111156,4,3,1
LOC111111163,1,2,-1
LOC111111168,2,1,1
LOC111111182,2,3,-1
LOC111111185,2,1,1
LOC111111193,1,0,1
LOC111111200,0,1,-1
LOC111111212,2,1,1
LOC111111215,5,4,1
LOC111111230,3,2,1
LOC111111240,3,2,1
LOC111111241,0,2,-2
LOC111111242,0,1,-1
LOC111111243,3,1,2
LOC111111244,1,2,-1
LOC111111245,2,1,1
LOC111111248,2,3,-1
LOC111111255,6,1,5
LOC111111269,3,2,1
LOC111111274,4,3,1
LOC111111279,2,1,1
LOC111111280,0,1,-1
LOC111111289,3,2,1
LOC111111290,2,1,1
LOC111111297,4,3,1
LOC111111298,0,1,-1
LOC111111300,5,3,2
LOC111111311,6,5,1
LOC111111314,3,2,1
LOC111111320,3,1,2
LOC111111328,0,1,-1
LOC111111333,7,6,1
LOC111111337,2,1,1
LOC111111343,4,1,3
LOC111111345,2,1,1
LOC111111346,1,0,1
LOC111111347,1,0,1
LOC111111350,2,1,1
LOC111111352,2,1,1
LOC111111358,1,3,-2
LOC111111359,2,1,1
LOC111111361,7,6,1
LOC111111365,2,3,-1
LOC111111367,3,2,1
LOC111111376,2,4,-2
LOC111111378,3,4,-1
LOC111111392,17,15,2
LOC111111407,2,1,1
LOC111111418,0,1,-1
LOC111111426,1,2,-1
LOC111111433,0,1,-1
LOC111111441,1,2,-1
LOC111111446,2,1,1
LOC111111447,1,0,1
LOC111111451,3,4,-1
LOC111111455,0,1,-1
LOC111111464,2,3,-1
LOC111111471,3,2,1
LOC111111472,2,3,-1
LOC111111479,1,2,-1
LOC111111481,0,1,-1
LOC111111487,18,9,9
LOC111111491,2,1,1
LOC111111495,1,0,1
LOC111111496,2,3,-1
LOC111111514,2,1,1
LOC111111516,1,2,-1
LOC111111518,0,1,-1
LOC111111520,6,3,3
LOC111111527,5,2,3
LOC111111533,2,1,1
LOC111111535,2,1,1
LOC111111536,2,1,1
LOC111111537,5,4,1
LOC111111542,2,1,1
LOC111111546,3,2,1
LOC111111553,3,2,1
LOC111111556,1,2,-1
LOC111111573,0,1,-1
LOC111111576,2,3,-1
LOC111111582,3,2,1
LOC111111588,2,1,1
LOC111111599,8,5,3
LOC111111602,1,2,-1
LOC111111611,2,1,1
LOC111111616,6,5,1
LOC111111623,0,1,-1
LOC111111624,4,3,1
LOC111111627,1,2,-1
LOC111111644,0,1,-1
LOC111111646,10,4,6
LOC111111647,2,1,1
LOC111111648,1,2,-1
LOC111111661,1,2,-1
LOC111111663,2,1,1
LOC111111664,1,0,1
LOC111111666,6,5,1
LOC111111670,2,1,1
LOC111111676,2,1,1
LOC111111679,3,2,1
LOC111111683,0,1,-1
LOC111111690,1,3,-2
LOC111111698,3,2,1
LOC111111704,4,2,2
LOC111111713,6,4,2
LOC111111715,1,2,-1
LOC111111721,3,4,-1
LOC111111723,1,2,-1
LOC111111727,1,0,1
LOC111111733,0,1,-1
LOC111111741,2,1,1
LOC111111743,1,0,1
LOC111111750,6,0,6
LOC111111755,1,0,1
LOC111111757,1,0,1
LOC111111766,3,1,2
LOC111111772,0,1,-1
LOC111111779,0,2,-2
LOC111111780,3,2,1
LOC111111789,2,1,1
LOC111111799,2,1,1
LOC111111809,1,2,-1
LOC111111812,2,3,-1
LOC111111813,2,1,1
LOC111111816,1,2,-1
LOC111111821,1,2,-1
LOC111111822,1,2,-1
LOC111111832,4,3,1
LOC111111851,0,1,-1
LOC111111855,8,5,3
LOC111111867,2,1,1
LOC111111871,4,2,2
LOC111111872,2,3,-1
LOC111111873,2,3,-1
LOC111111886,4,3,1
LOC111111903,0,1,-1
LOC111111906,1,2,-1
LOC111111912,2,1,1
LOC111111919,2,1,1
LOC111111920,2,1,1
LOC111111928,1,0,1
LOC111111930,5,3,2
LOC111111940,3,0,3
LOC111111941,7,5,2
LOC111111943,1,2,-1
LOC111111946,5,2,3
LOC111111948,2,1,1
LOC111111950,2,1,1
LOC111111963,1,0,1
LOC111111964,0,1,-1
LOC111111967,0,1,-1
LOC111111971,0,1,-1
LOC111111972,4,3,1
LOC111111975,5,4,1
LOC111111983,2,3,-1
LOC111111986,1,2,-1
LOC111111991,2,1,1
LOC111111994,2,3,-1
LOC111112002,0,1,-1
LOC111112006,16,3,13
LOC111112010,0,1,-1
LOC111112013,5,3,2
LOC111112014,4,3,1
LOC111112028,10,3,7
LOC111112032,2,1,1
LOC111112053,1,0,1
LOC111112063,2,1,1
LOC111112065,2,1,1
LOC111112069,0,1,-1
LOC111112080,2,1,1
LOC111112082,5,4,1
LOC111112093,4,2,2
LOC111112095,2,1,1
LOC111112099,18,13,5
LOC111112100,2,3,-1
LOC111112104,1,0,1
LOC111112108,2,1,1
LOC111112114,6,5,1
LOC111112117,6,5,1
LOC111112126,7,3,4
LOC111112129,5,4,1
LOC111112130,10,4,6
LOC111112131,12,7,5
LOC111112152,1,2,-1
LOC111112158,2,1,1
LOC111112163,1,2,-1
LOC111112167,1,0,1
LOC111112168,4,2,2
LOC111112173,1,2,-1
LOC111112178,2,1,1
LOC111112182,0,1,-1
LOC111112188,0,1,-1
LOC111112193,0,1,-1
LOC111112198,2,1,1
LOC111112201,2,3,-1
LOC111112202,3,4,-1
LOC111112204,4,3,1
LOC111112208,1,0,1
LOC111112211,2,1,1
LOC111112214,2,4,-2
LOC111112216,4,3,1
LOC111112221,3,2,1
LOC111112222,1,2,-1
LOC111112229,0,1,-1
LOC111112233,0,1,-1
LOC111112244,0,1,-1
LOC111112248,0,1,-1
LOC111112253,3,1,2
LOC111112255,0,1,-1
LOC111112257,0,1,-1
LOC111112260,5,4,1
LOC111112269,2,1,1
LOC111112272,2,1,1
LOC111112296,5,4,1
LOC111112301,9,2,7
LOC111112304,4,3,1
LOC111112307,14,11,3
LOC111112311,1,0,1
LOC111112312,3,1,2
LOC111112330,5,3,2
LOC111112350,6,4,2
LOC111112356,0,1,-1
LOC111112361,1,0,1
LOC111112365,2,1,1
LOC111112366,2,1,1
LOC111112373,0,1,-1
LOC111112374,3,1,2
LOC111112375,0,1,-1
LOC111112387,3,2,1
LOC111112400,6,3,3
LOC111112404,1,2,-1
LOC111112433,7,3,4
LOC111112440,1,2,-1
LOC111112450,1,2,-1
LOC111112452,3,2,1
LOC111112478,3,2,1
LOC111112487,4,5,-1
LOC111112490,6,5,1
LOC111112495,0,1,-1
LOC111112501,2,3,-1
LOC111112504,2,3,-1
LOC111112515,1,2,-1
LOC111112517,1,2,-1
LOC111112522,3,2,1
LOC111112524,0,2,-2
LOC111112525,0,1,-1
LOC111112535,1,0,1
LOC111112536,0,1,-1
LOC111112548,1,0,1
LOC111112558,4,3,1
LOC111112559,4,3,1
LOC111112565,1,2,-1
LOC111112567,1,0,1
LOC111112568,2,1,1
LOC111112570,2,1,1
LOC111112585,12,10,2
LOC111112603,5,2,3
LOC111112605,24,15,9
LOC111112609,2,0,2
LOC111112614,4,2,2
LOC111112615,2,1,1
LOC111112616,4,1,3
LOC111112619,2,1,1
LOC111112620,27,15,12
LOC111112624,4,3,1
LOC111112629,9,1,8
LOC111112635,4,2,2
LOC111112638,0,1,-1
LOC111112642,3,2,1
LOC111112646,1,2,-1
LOC111112650,2,1,1
LOC111112653,5,4,1
LOC111112655,11,7,4
LOC111112657,2,1,1
LOC111112666,1,3,-2
LOC111112671,2,1,1
LOC111112674,3,2,1
LOC111112685,4,5,-1
LOC111112687,2,1,1
LOC111112688,2,1,1
LOC111112699,5,4,1
LOC111112700,4,2,2
LOC111112706,3,2,1
LOC111112710,2,1,1
LOC111112720,9,4,5
LOC111112724,0,1,-1
LOC111112733,9,7,2
LOC111112735,1,0,1
LOC111112739,1,0,1
LOC111112744,6,4,2
LOC111112752,5,4,1
LOC111112757,0,1,-1
LOC111112762,1,2,-1
LOC111112766,1,2,-1
LOC111112767,2,1,1
LOC111112769,0,1,-1
LOC111112773,2,1,1
LOC111112774,2,3,-1
LOC111112775,2,1,1
LOC111112780,6,4,2
LOC111112781,4,3,1
LOC111112790,3,1,2
LOC111112791,3,2,1
LOC111112794,8,6,2
LOC111112803,3,6,-3
LOC111112806,6,5,1
LOC111112810,5,4,1
LOC111112811,6,4,2
LOC111112821,1,2,-1
LOC111112827,2,1,1
LOC111112829,3,2,1
LOC111112840,1,0,1
LOC111112846,5,3,2
LOC111112874,2,1,1
LOC111112883,4,2,2
LOC111112894,3,1,2
LOC111112898,4,2,2
LOC111112902,2,3,-1
LOC111112904,0,1,-1
LOC111112907,1,2,-1
LOC111112908,0,1,-1
LOC111112912,3,2,1
LOC111112915,4,3,1
LOC111112926,3,4,-1
LOC111112932,0,1,-1
LOC111112963,4,3,1
LOC111112964,2,1,1
LOC111112968,2,3,-1
LOC111112970,2,3,-1
LOC111112990,3,2,1
LOC111112991,10,6,4
LOC111112999,3,2,1
LOC111113003,3,2,1
LOC111113007,1,2,-1
LOC111113012,0,1,-1
LOC111113013,3,2,1
LOC111113019,3,2,1
LOC111113020,12,10,2
LOC111113025,1,2,-1
LOC111113031,2,1,1
LOC111113033,3,4,-1
LOC111113035,3,2,1
LOC111113038,2,3,-1
LOC111113040,3,2,1
LOC111113042,7,6,1
LOC111113048,1,2,-1
LOC111113053,1,2,-1
LOC111113054,3,2,1
LOC111113056,4,3,1
LOC111113057,2,3,-1
LOC111113069,1,2,-1
LOC111113074,0,1,-1
LOC111113075,1,2,-1
LOC111113083,1,0,1
LOC111113084,3,2,1
LOC111113086,7,2,5
LOC111113089,0,1,-1
LOC111113090,4,3,1
LOC111113100,2,1,1
LOC111113101,1,0,1
LOC111113102,0,1,-1
LOC111113107,3,1,2
LOC111113108,1,0,1
LOC111113109,3,2,1
LOC111113110,1,0,1
LOC111113124,4,3,1
LOC111113125,5,4,1
LOC111113129,9,5,4
LOC111113130,2,1,1
LOC111113134,4,3,1
LOC111113141,2,1,1
LOC111113151,0,1,-1
LOC111113156,0,1,-1
LOC111113157,7,1,6
LOC111113163,11,9,2
LOC111113166,1,2,-1
LOC111113172,2,3,-1
LOC111113173,12,9,3
LOC111113174,4,3,1
LOC111113175,14,12,2
LOC111113177,6,5,1
LOC111113178,4,3,1
LOC111113185,1,2,-1
LOC111113194,2,1,1
LOC111113202,1,2,-1
LOC111113208,5,2,3
LOC111113213,0,1,-1
LOC111113220,3,2,1
LOC111113221,2,1,1
LOC111113223,2,1,1
LOC111113225,3,2,1
LOC111113238,23,12,11
LOC111113240,2,1,1
LOC111113249,5,4,1
LOC111113256,3,2,1
LOC111113257,1,2,-1
LOC111113260,7,4,3
LOC111113267,3,2,1
LOC111113274,7,0,7
LOC111113275,1,0,1
LOC111113276,2,1,1
LOC111113290,2,1,1
LOC111113291,2,1,1
LOC111113316,5,3,2
LOC111113320,1,2,-1
LOC111113327,1,2,-1
LOC111113342,3,1,2
LOC111113349,1,2,-1
LOC111113351,0,1,-1
LOC111113352,5,3,2
LOC111113355,10,6,4
LOC111113358,6,4,2
LOC111113363,3,2,1
LOC111113366,2,1,1
LOC111113371,3,2,1
LOC111113381,3,2,1
LOC111113385,3,2,1
LOC111113399,5,3,2
LOC111113417,4,3,1
LOC111113418,2,1,1
LOC111113422,2,1,1
LOC111113428,8,6,2
LOC111113430,3,2,1
LOC111113440,1,3,-2
LOC111113443,2,1,1
LOC111113456,0,1,-1
LOC111113457,1,0,1
LOC111113463,1,0,1
LOC111113464,1,0,1
LOC111113465,1,0,1
LOC111113506,0,1,-1
LOC111113515,0,1,-1
LOC111113516,0,1,-1
LOC111113519,0,1,-1
LOC111113520,1,0,1
LOC111113524,2,3,-1
LOC111113554,5,4,1
LOC111113560,0,1,-1
LOC111113592,2,1,1
LOC111113611,1,0,1
LOC111113619,1,0,1
LOC111113632,0,1,-1
LOC111113642,0,1,-1
LOC111113645,0,1,-1
LOC111113647,0,1,-1
LOC111113665,1,0,1
LOC111113667,0,1,-1
LOC111113668,0,1,-1
LOC111113687,0,1,-1
LOC111113691,1,0,1
LOC111113693,0,1,-1
LOC111113694,0,1,-1
LOC111113696,0,1,-1
LOC111113746,0,1,-1
LOC111113757,0,1,-1
LOC111113760,0,1,-1
LOC111113769,0,1,-1
LOC111113772,0,1,-1
LOC111113776,0,1,-1
LOC111113784,0,1,-1
LOC111113791,0,1,-1
LOC111113792,0,1,-1
LOC111113810,1,0,1
LOC111113819,1,2,-1
LOC111113833,3,2,1
LOC111113835,0,1,-1
LOC111113839,1,0,1
LOC111113851,0,1,-1
LOC111113855,0,1,-1
LOC111113867,1,0,1
LOC111113871,1,2,-1
LOC111113875,0,1,-1
LOC111113884,0,1,-1
LOC111113906,1,0,1
LOC111113920,0,1,-1
LOC111114103,1,2,-1
LOC111114120,1,2,-1
LOC111114134,6,5,1
LOC111114137,1,0,1
LOC111114177,0,1,-1
LOC111114199,0,1,-1
LOC111114216,1,0,1
LOC111114226,0,1,-1
LOC111114239,0,1,-1
LOC111114240,3,2,1
LOC111114283,7,4,3
LOC111114312,0,1,-1
LOC111114346,4,3,1
LOC111114347,13,8,5
LOC111114364,0,1,-1
LOC111114373,0,1,-1
LOC111114375,0,1,-1
LOC111114390,0,1,-1
LOC111114401,1,0,1
LOC111114440,0,1,-1
LOC111114443,0,1,-1
LOC111114448,4,3,1
LOC111114459,6,3,3
LOC111114460,4,2,2
LOC111114467,2,1,1
LOC111114486,3,2,1
LOC111114491,3,2,1
LOC111114492,2,1,1
LOC111114495,4,0,4
LOC111114500,2,1,1
LOC111114503,2,1,1
LOC111114504,0,1,-1
LOC111114510,2,1,1
LOC111114511,0,1,-1
LOC111114518,2,1,1
LOC111114526,1,2,-1
LOC111114528,0,1,-1
LOC111114549,2,1,1
LOC111114553,2,1,1
LOC111114557,2,1,1
LOC111114566,1,2,-1
LOC111114568,1,2,-1
LOC111114587,3,2,1
LOC111114601,3,2,1
LOC111114603,1,2,-1
LOC111114616,4,2,2
LOC111114644,4,2,2
LOC111114647,2,1,1
LOC111114650,3,4,-1
LOC111114658,1,0,1
LOC111114664,2,1,1
LOC111114668,2,1,1
LOC111114669,5,4,1
LOC111114676,4,3,1
LOC111114682,1,2,-1
LOC111114692,2,1,1
LOC111114697,0,1,-1
LOC111114705,2,1,1
LOC111114711,2,3,-1
LOC111114714,4,3,1
LOC111114715,3,1,2
LOC111114722,1,2,-1
LOC111114724,2,3,-1
LOC111114725,2,1,1
LOC111114727,1,2,-1
LOC111114730,1,2,-1
LOC111114732,1,2,-1
LOC111114735,1,2,-1
LOC111114747,4,3,1
LOC111114752,0,1,-1
LOC111114753,3,2,1
LOC111114755,1,2,-1
LOC111114770,1,2,-1
LOC111114771,5,3,2
LOC111114781,1,2,-1
LOC111114790,2,1,1
LOC111114794,2,1,1
LOC111114802,2,1,1
LOC111114807,9,5,4
LOC111114820,4,2,2
LOC111114825,3,6,-3
LOC111114827,2,1,1
LOC111114842,4,3,1
LOC111114844,2,1,1
LOC111114851,1,2,-1
LOC111114853,3,1,2
LOC111114855,3,2,1
LOC111114859,2,3,-1
LOC111114862,3,1,2
LOC111114864,2,3,-1
LOC111114865,4,2,2
LOC111114875,0,1,-1
LOC111114879,2,1,1
LOC111114887,5,3,2
LOC111114891,2,1,1
LOC111114896,3,1,2
LOC111114900,5,6,-1
LOC111114902,4,2,2
LOC111114910,3,2,1
LOC111114913,9,3,6
LOC111114916,0,1,-1
LOC111114921,2,1,1
LOC111114929,2,3,-1
LOC111114947,6,3,3
LOC111114952,1,3,-2
LOC111114954,1,2,-1
LOC111114960,1,2,-1
LOC111114967,2,3,-1
LOC111114972,3,0,3
LOC111114977,4,5,-1
LOC111114985,1,2,-1
LOC111114994,1,2,-1
LOC111115005,3,2,1
LOC111115006,3,2,1
LOC111115007,1,0,1
LOC111115011,1,2,-1
LOC111115019,1,2,-1
LOC111115025,2,1,1
LOC111115032,0,1,-1
LOC111115039,0,1,-1
LOC111115054,1,0,1
LOC111115056,0,1,-1
LOC111115064,3,2,1
LOC111115070,0,1,-1
LOC111115081,0,1,-1
LOC111115083,0,1,-1
LOC111115084,2,4,-2
LOC111115091,1,2,-1
LOC111115092,4,2,2
LOC111115098,0,1,-1
LOC111115099,4,2,2
LOC111115100,2,1,1
LOC111115102,1,2,-1
LOC111115105,1,2,-1
LOC111115107,7,6,1
LOC111115118,2,1,1
LOC111115122,14,9,5
LOC111115123,9,6,3
LOC111115128,2,1,1
LOC111115129,3,2,1
LOC111115138,4,3,1
LOC111115142,1,0,1
LOC111115151,2,1,1
LOC111115154,1,2,-1
LOC111115160,1,0,1
LOC111115163,1,2,-1
LOC111115176,1,2,-1
LOC111115187,1,2,-1
LOC111115192,2,1,1
LOC111115196,0,1,-1
LOC111115202,1,2,-1
LOC111115203,2,3,-1
LOC111115235,2,1,1
LOC111115253,3,2,1
LOC111115255,4,3,1
LOC111115259,3,2,1
LOC111115260,3,2,1
LOC111115277,4,3,1
LOC111115290,0,1,-1
LOC111115293,0,1,-1
LOC111115295,0,1,-1
LOC111115297,0,1,-1
LOC111115301,7,5,2
LOC111115304,2,1,1
LOC111115306,5,4,1
LOC111115309,1,0,1
LOC111115313,0,1,-1
LOC111115315,0,1,-1
LOC111115320,0,1,-1
LOC111115324,3,2,1
LOC111115341,8,7,1
LOC111115342,3,8,-5
LOC111115351,0,1,-1
LOC111115353,3,1,2
LOC111115367,1,2,-1
LOC111115389,1,2,-1
LOC111115407,2,1,1
LOC111115408,2,1,1
LOC111115419,6,4,2
LOC111115422,2,1,1
LOC111115424,3,2,1
LOC111115434,1,2,-1
LOC111115436,0,1,-1
LOC111115441,10,9,1
LOC111115446,4,3,1
LOC111115447,1,0,1
LOC111115453,2,1,1
LOC111115457,1,0,1
LOC111115460,4,3,1
LOC111115471,3,1,2
LOC111115474,3,4,-1
LOC111115484,2,1,1
LOC111115500,6,2,4
LOC111115507,0,1,-1
LOC111115511,0,1,-1
LOC111115512,0,1,-1
LOC111115513,0,1,-1
LOC111115516,2,0,2
LOC111115530,2,1,1
LOC111115531,3,1,2
LOC111115540,4,3,1
LOC111115547,2,1,1
LOC111115549,1,3,-2
LOC111115550,1,2,-1
LOC111115551,6,4,2
LOC111115556,4,3,1
LOC111115566,1,2,-1
LOC111115579,2,3,-1
LOC111115599,3,2,1
LOC111115604,3,2,1
LOC111115605,2,1,1
LOC111115612,17,9,8
LOC111115627,2,1,1
LOC111115632,1,2,-1
LOC111115641,1,2,-1
LOC111115650,1,0,1
LOC111115654,0,1,-1
LOC111115655,1,2,-1
LOC111115663,2,0,2
LOC111115670,2,1,1
LOC111115675,4,3,1
LOC111115679,1,0,1
LOC111115682,2,3,-1
LOC111115698,2,3,-1
LOC111115699,3,2,1
LOC111115701,0,1,-1
LOC111115711,1,2,-1
LOC111115717,2,1,1
LOC111115735,2,1,1
LOC111115740,4,5,-1
LOC111115746,2,1,1
LOC111115761,1,2,-1
LOC111115765,2,1,1
LOC111115775,2,3,-1
LOC111115780,1,2,-1
LOC111115790,1,2,-1
LOC111115795,16,12,4
LOC111115797,2,1,1
LOC111115823,1,0,1
LOC111115824,3,1,2
LOC111115825,0,1,-1
LOC111115832,5,3,2
LOC111115835,0,1,-1
LOC111115837,1,0,1
LOC111115841,3,2,1
LOC111115842,2,1,1
LOC111115844,11,7,4
LOC111115851,2,3,-1
LOC111115871,4,3,1
LOC111115873,3,1,2
LOC111115876,2,3,-1
LOC111115877,0,1,-1
LOC111115878,3,1,2
LOC111115879,7,3,4
LOC111115888,0,1,-1
LOC111115890,1,2,-1
LOC111115892,0,1,-1
LOC111115894,3,4,-1
LOC111115896,8,7,1
LOC111115897,1,2,-1
LOC111115900,2,3,-1
LOC111115912,4,3,1
LOC111115920,3,6,-3
LOC111115921,1,2,-1
LOC111115934,1,0,1
LOC111115938,2,1,1
LOC111115940,2,1,1
LOC111115943,3,2,1
LOC111115949,2,3,-1
LOC111115951,0,1,-1
LOC111115955,2,1,1
LOC111115973,4,3,1
LOC111115981,2,1,1
LOC111115982,0,1,-1
LOC111115986,1,2,-1
LOC111115994,0,1,-1
LOC111115995,5,3,2
LOC111116005,1,2,-1
LOC111116011,2,3,-1
LOC111116033,2,1,1
LOC111116042,18,16,2
LOC111116053,3,0,3
LOC111116055,1,0,1
LOC111116059,2,1,1
LOC111116071,1,2,-1
LOC111116082,6,4,2
LOC111116084,1,2,-1
LOC111116087,2,1,1
LOC111116088,5,2,3
LOC111116096,0,1,-1
LOC111116098,6,3,3
LOC111116103,2,0,2
LOC111116110,2,1,1
LOC111116117,0,1,-1
LOC111116124,4,3,1
LOC111116125,1,2,-1
LOC111116128,4,2,2
LOC111116130,2,1,1
LOC111116142,2,1,1
LOC111116149,1,0,1
LOC111116175,0,1,-1
LOC111116193,1,2,-1
LOC111116201,1,2,-1
LOC111116204,2,1,1
LOC111116212,0,1,-1
LOC111116218,2,1,1
LOC111116220,3,2,1
LOC111116228,0,1,-1
LOC111116242,0,1,-1
LOC111116244,0,1,-1
LOC111116258,2,3,-1
LOC111116288,0,1,-1
LOC111116352,15,9,6
LOC111116495,0,1,-1
LOC111116502,0,1,-1
LOC111116507,0,1,-1
LOC111116517,0,1,-1
LOC111116519,9,6,3
LOC111116552,1,0,1
LOC111116558,1,0,1
LOC111116581,2,1,1
LOC111116607,13,10,3
LOC111116622,3,2,1
LOC111116624,0,1,-1
LOC111116626,1,2,-1
LOC111116628,2,1,1
LOC111116629,2,1,1
LOC111116630,3,2,1
LOC111116633,2,3,-1
LOC111116661,2,1,1
LOC111116665,3,2,1
LOC111116675,1,0,1
LOC111116681,0,1,-1
LOC111116690,0,1,-1
LOC111116713,4,3,1
LOC111116724,2,1,1
LOC111116725,1,2,-1
LOC111116730,2,1,1
LOC111116747,3,2,1
LOC111116752,6,2,4
LOC111116762,3,2,1
LOC111116769,3,2,1
LOC111116774,2,1,1
LOC111116775,1,0,1
LOC111116787,3,2,1
LOC111116790,3,2,1
LOC111116793,3,2,1
LOC111116795,5,4,1
LOC111116798,0,1,-1
LOC111116803,1,2,-1
LOC111116816,3,2,1
LOC111116831,1,2,-1
LOC111116833,1,0,1
LOC111116837,2,1,1
LOC111116840,5,3,2
LOC111116845,1,2,-1
LOC111116864,3,1,2
LOC111116869,8,10,-2
LOC111116870,3,2,1
LOC111116874,2,1,1
LOC111116875,2,1,1
LOC111116878,1,0,1
LOC111116888,1,2,-1
LOC111116896,0,1,-1
LOC111116900,0,1,-1
LOC111116901,0,1,-1
LOC111116907,0,2,-2
LOC111116908,2,3,-1
LOC111116919,2,1,1
LOC111116923,1,0,1
LOC111116926,2,1,1
LOC111116931,2,1,1
LOC111116933,3,2,1
LOC111116934,0,1,-1
LOC111116942,3,1,2
LOC111116957,0,1,-1
LOC111116964,1,0,1
LOC111116965,9,8,1
LOC111116982,2,1,1
LOC111116991,0,1,-1
LOC111116994,2,4,-2
LOC111117008,0,1,-1
LOC111117020,2,3,-1
LOC111117024,3,2,1
LOC111117040,5,3,2
LOC111117047,3,2,1
LOC111117062,3,1,2
LOC111117065,2,1,1
LOC111117069,2,1,1
LOC111117070,4,2,2
LOC111117076,0,1,-1
LOC111117079,0,1,-1
LOC111117083,5,4,1
LOC111117085,5,2,3
LOC111117101,2,1,1
LOC111117103,2,3,-1
LOC111117111,1,0,1
LOC111117113,2,1,1
LOC111117117,2,1,1
LOC111117141,0,1,-1
LOC111117155,0,1,-1
LOC111117207,5,4,1
LOC111117231,0,1,-1
LOC111117281,2,1,1
LOC111117288,3,2,1
LOC111117298,1,2,-1
LOC111117310,4,2,2
LOC111117311,3,2,1
LOC111117316,2,1,1
LOC111117323,2,1,1
LOC111117327,1,2,-1
LOC111117330,11,8,3
LOC111117339,1,0,1
LOC111117341,5,4,1
LOC111117346,3,0,3
LOC111117349,1,0,1
LOC111117352,5,6,-1
LOC111117385,3,4,-1
LOC111117388,3,2,1
LOC111117393,2,1,1
LOC111117395,1,2,-1
LOC111117400,3,2,1
LOC111117403,5,4,1
LOC111117417,15,10,5
LOC111117454,3,1,2
LOC111117456,9,4,5
LOC111117481,2,1,1
LOC111117500,3,2,1
LOC111117501,3,2,1
LOC111117507,1,2,-1
LOC111117525,4,1,3
LOC111117533,9,6,3
LOC111117535,1,2,-1
LOC111117544,2,1,1
LOC111117559,0,1,-1
LOC111117565,2,1,1
LOC111117567,3,2,1
LOC111117570,4,3,1
LOC111117571,2,1,1
LOC111117580,4,1,3
LOC111117614,1,0,1
LOC111117616,2,1,1
LOC111117621,2,1,1
LOC111117629,2,1,1
LOC111117631,2,1,1
LOC111117635,2,1,1
LOC111117644,0,1,-1
LOC111117647,2,1,1
LOC111117650,5,4,1
LOC111117654,1,2,-1
LOC111117659,2,1,1
LOC111117668,2,1,1
LOC111117670,3,2,1
LOC111117671,0,1,-1
LOC111117688,1,0,1
LOC111117691,1,2,-1
LOC111117705,2,1,1
LOC111117711,4,2,2
LOC111117722,4,1,3
LOC111117730,4,3,1
LOC111117731,4,3,1
LOC111117735,9,4,5
LOC111117736,5,3,2
LOC111117739,9,7,2
LOC111117740,13,11,2
LOC111117742,8,5,3
LOC111117749,4,3,1
LOC111117750,4,2,2
LOC111117755,7,3,4
LOC111117762,2,1,1
LOC111117764,3,2,1
LOC111117779,0,1,-1
LOC111117794,1,0,1
LOC111117802,2,1,1
LOC111117803,4,3,1
LOC111117813,3,2,1
LOC111117826,1,0,1
LOC111117831,0,1,-1
LOC111117832,1,2,-1
LOC111117833,1,2,-1
LOC111117861,10,4,6
LOC111117870,1,2,-1
LOC111117878,1,2,-1
LOC111117880,2,1,1
LOC111117902,3,2,1
LOC111117910,5,3,2
LOC111117911,2,1,1
LOC111117928,6,3,3
LOC111117929,2,1,1
LOC111117930,2,1,1
LOC111117931,1,2,-1
LOC111117947,2,1,1
LOC111117955,2,1,1
LOC111117958,0,1,-1
LOC111117968,4,2,2
LOC111118004,3,2,1
LOC111118008,1,2,-1
LOC111118022,2,1,1
LOC111118026,9,4,5
LOC111118027,3,1,2
LOC111118028,2,1,1
LOC111118040,5,4,1
LOC111118054,2,1,1
LOC111118073,2,1,1
LOC111118088,2,1,1
LOC111118094,6,4,2
LOC111118123,1,2,-1
LOC111118130,1,2,-1
LOC111118137,3,2,1
LOC111118171,2,1,1
LOC111118178,0,1,-1
LOC111118184,3,2,1
LOC111118188,2,1,1
LOC111118229,2,3,-1
LOC111118239,10,8,2
LOC111118247,5,3,2
LOC111118257,8,6,2
LOC111118268,2,1,1
LOC111118277,2,1,1
LOC111118289,2,1,1
LOC111118315,6,3,3
LOC111118317,3,2,1
LOC111118325,2,1,1
LOC111118341,1,2,-1
LOC111118367,12,7,5
LOC111118371,5,3,2
LOC111118379,14,8,6
LOC111118380,3,1,2
LOC111118391,1,2,-1
LOC111118399,2,1,1
LOC111118407,15,8,7
LOC111118410,2,3,-1
LOC111118414,1,0,1
LOC111118419,3,2,1
LOC111118432,2,1,1
LOC111118439,6,5,1
LOC111118445,2,1,1
LOC111118447,2,3,-1
LOC111118449,3,4,-1
LOC111118454,2,1,1
LOC111118458,2,1,1
LOC111118463,6,1,5
LOC111118465,2,1,1
LOC111118470,1,3,-2
LOC111118486,3,2,1
LOC111118491,2,1,1
LOC111118494,4,5,-1
LOC111118555,2,1,1
LOC111118558,12,5,7
LOC111118564,2,1,1
LOC111118570,7,6,1
LOC111118575,1,2,-1
LOC111118577,2,1,1
LOC111118578,2,1,1
LOC111118579,2,1,1
LOC111118600,5,3,2
LOC111118601,3,2,1
LOC111118614,3,2,1
LOC111118615,1,2,-1
LOC111118619,2,1,1
LOC111118639,0,1,-1
LOC111118657,2,4,-2
LOC111118670,0,1,-1
LOC111118672,3,1,2
LOC111118698,2,1,1
LOC111118705,3,2,1
LOC111118714,4,3,1
LOC111118720,2,1,1
LOC111118721,3,2,1
LOC111118723,3,1,2
LOC111118726,2,1,1
LOC111118728,1,2,-1
LOC111118736,1,0,1
LOC111118780,3,2,1
LOC111118783,2,3,-1
LOC111118785,0,1,-1
LOC111118790,4,3,1
LOC111118796,2,1,1
LOC111118802,2,1,1
LOC111118813,5,3,2
LOC111118817,2,1,1
LOC111118818,3,4,-1
LOC111118821,0,1,-1
LOC111118823,9,6,3
LOC111118831,3,2,1
LOC111118837,0,1,-1
LOC111118843,23,19,4
LOC111118850,2,1,1
LOC111118862,0,1,-1
LOC111118864,11,10,1
LOC111118870,5,4,1
LOC111118880,2,1,1
LOC111118883,2,3,-1
LOC111118884,2,1,1
LOC111118893,2,1,1
LOC111118898,5,2,3
LOC111118900,1,2,-1
LOC111118902,0,1,-1
LOC111118906,3,4,-1
LOC111118910,4,3,1
LOC111118918,3,2,1
LOC111118935,2,1,1
LOC111118938,6,3,3
LOC111118940,2,1,1
LOC111118944,7,6,1
LOC111118952,1,2,-1
LOC111118955,3,2,1
LOC111118990,8,7,1
LOC111118992,13,11,2
LOC111119000,3,2,1
LOC111119008,19,11,8
LOC111119012,5,3,2
LOC111119015,8,6,2
LOC111119016,5,3,2
LOC111119019,3,2,1
LOC111119021,5,4,1
LOC111119030,4,1,3
LOC111119031,1,2,-1
LOC111119041,3,1,2
LOC111119072,4,3,1
LOC111119077,4,3,1
LOC111119084,4,3,1
LOC111119088,3,2,1
LOC111119097,2,1,1
LOC111119098,5,3,2
LOC111119100,7,3,4
LOC111119101,6,5,1
LOC111119102,4,3,1
LOC111119104,3,1,2
LOC111119115,2,3,-1
LOC111119124,11,5,6
LOC111119125,2,1,1
LOC111119143,2,3,-1
LOC111119144,2,1,1
LOC111119147,3,2,1
LOC111119148,8,5,3
LOC111119160,2,1,1
LOC111119176,2,1,1
LOC111119181,2,3,-1
LOC111119184,8,5,3
LOC111119187,9,5,4
LOC111119192,2,1,1
LOC111119193,1,2,-1
LOC111119194,6,4,2
LOC111119197,11,1,10
LOC111119207,6,4,2
LOC111119208,3,1,2
LOC111119209,8,2,6
LOC111119215,6,5,1
LOC111119220,5,4,1
LOC111119225,4,3,1
LOC111119226,8,4,4
LOC111119227,1,2,-1
LOC111119231,9,6,3
LOC111119232,2,1,1
LOC111119235,7,3,4
LOC111119241,1,0,1
LOC111119255,5,8,-3
LOC111119282,4,3,1
LOC111119290,8,4,4
LOC111119297,11,6,5
LOC111119298,2,1,1
LOC111119302,2,3,-1
LOC111119315,2,1,1
LOC111119316,2,1,1
LOC111119319,4,3,1
LOC111119326,3,2,1
LOC111119334,2,3,-1
LOC111119349,4,3,1
LOC111119353,2,1,1
LOC111119355,3,2,1
LOC111119356,2,1,1
LOC111119360,8,7,1
LOC111119371,7,6,1
LOC111119374,2,3,-1
LOC111119375,5,4,1
LOC111119387,2,1,1
LOC111119395,4,3,1
LOC111119397,6,5,1
LOC111119398,2,1,1
LOC111119401,7,5,2
LOC111119405,5,4,1
LOC111119420,2,3,-1
LOC111119422,22,12,10
LOC111119425,2,1,1
LOC111119426,12,5,7
LOC111119447,2,1,1
LOC111119466,3,2,1
LOC111119468,1,2,-1
LOC111119485,3,2,1
LOC111119490,4,2,2
LOC111119497,1,0,1
LOC111119502,2,1,1
LOC111119506,1,2,-1
LOC111119511,2,1,1
LOC111119530,10,6,4
LOC111119532,7,6,1
LOC111119534,1,2,-1
LOC111119535,14,10,4
LOC111119539,2,1,1
LOC111119551,3,2,1
LOC111119552,6,5,1
LOC111119555,5,4,1
LOC111119560,2,1,1
LOC111119562,5,4,1
LOC111119563,2,1,1
LOC111119571,12,7,5
LOC111119573,3,2,1
LOC111119580,2,1,1
LOC111119585,6,4,2
LOC111119586,8,7,1
LOC111119594,12,8,4
LOC111119596,7,5,2
LOC111119600,9,6,3
LOC111119603,3,4,-1
LOC111119607,6,4,2
LOC111119610,1,2,-1
LOC111119613,4,3,1
LOC111119616,5,4,1
LOC111119621,10,5,5
LOC111119630,8,9,-1
LOC111119636,4,3,1
LOC111119640,18,10,8
LOC111119643,6,5,1
LOC111119644,4,3,1
LOC111119655,4,3,1
LOC111119656,3,2,1
LOC111119663,1,2,-1
LOC111119681,4,2,2
LOC111119700,5,4,1
LOC111119708,3,2,1
LOC111119715,2,1,1
LOC111119718,2,1,1
LOC111119720,2,1,1
LOC111119727,5,3,2
LOC111119730,3,1,2
LOC111119733,8,6,2
LOC111119748,2,1,1
LOC111119752,4,2,2
LOC111119756,3,1,2
LOC111119769,4,1,3
LOC111119771,4,3,1
LOC111119778,4,3,1
LOC111119783,2,1,1
LOC111119785,2,1,1
LOC111119786,6,5,1
LOC111119792,2,1,1
LOC111119811,3,2,1
LOC111119816,2,1,1
LOC111119817,5,6,-1
LOC111119819,2,3,-1
LOC111119832,2,1,1
LOC111119835,2,1,1
LOC111119839,1,2,-1
LOC111119845,4,2,2
LOC111119848,2,3,-1
LOC111119853,2,1,1
LOC111119854,6,4,2
LOC111119856,1,0,1
LOC111119857,6,4,2
LOC111119863,2,1,1
LOC111119866,5,3,2
LOC111119872,2,3,-1
LOC111119877,1,2,-1
LOC111119893,3,2,1
LOC111119902,0,1,-1
LOC111119910,2,1,1
LOC111119925,3,2,1
LOC111119945,3,2,1
LOC111119946,3,2,1
LOC111119949,5,4,1
LOC111119977,1,2,-1
LOC111119980,2,1,1
LOC111119985,0,1,-1
LOC111119988,5,4,1
LOC111120008,4,1,3
LOC111120015,2,3,-1
LOC111120018,8,6,2
LOC111120020,2,3,-1
LOC111120023,3,2,1
LOC111120025,4,3,1
LOC111120028,1,2,-1
LOC111120034,5,2,3
LOC111120045,3,1,2
LOC111120050,4,2,2
LOC111120056,2,1,1
LOC111120059,2,1,1
LOC111120061,0,1,-1
LOC111120068,5,4,1
LOC111120077,3,2,1
LOC111120089,6,5,1
LOC111120090,4,3,1
LOC111120100,3,2,1
LOC111120101,5,4,1
LOC111120106,3,1,2
LOC111120112,4,5,-1
LOC111120114,3,2,1
LOC111120118,7,4,3
LOC111120121,4,2,2
LOC111120125,5,4,1
LOC111120128,9,7,2
LOC111120132,4,3,1
LOC111120134,5,3,2
LOC111120163,0,1,-1
LOC111120179,2,3,-1
LOC111120210,0,1,-1
LOC111120220,1,0,1
LOC111120242,0,1,-1
LOC111120244,3,2,1
LOC111120262,6,5,1
LOC111120329,0,1,-1
LOC111120367,0,1,-1
LOC111120381,2,1,1
LOC111120402,1,0,1
LOC111120403,1,0,1
LOC111120428,0,1,-1
LOC111120429,0,1,-1
LOC111120458,2,1,1
LOC111120466,2,3,-1
LOC111120472,2,1,1
LOC111120473,3,2,1
LOC111120475,2,1,1
LOC111120476,4,3,1
LOC111120478,3,2,1
LOC111120479,4,2,2
LOC111120484,2,1,1
LOC111120485,4,3,1
LOC111120487,1,2,-1
LOC111120491,3,4,-1
LOC111120495,1,2,-1
LOC111120506,3,1,2
LOC111120515,4,3,1
LOC111120517,9,4,5
LOC111120518,5,2,3
LOC111120524,7,4,3
LOC111120525,4,3,1
LOC111120532,2,1,1
LOC111120537,2,1,1
LOC111120551,4,3,1
LOC111120563,3,2,1
LOC111120588,3,2,1
LOC111120589,3,2,1
LOC111120592,2,1,1
LOC111120593,8,5,3
LOC111120594,6,2,4
LOC111120598,7,5,2
LOC111120622,2,1,1
LOC111120626,4,2,2
LOC111120634,3,2,1
LOC111120635,2,1,1
LOC111120646,6,7,-1
LOC111120669,2,1,1
LOC111120670,2,1,1
LOC111120676,7,6,1
LOC111120683,2,1,1
LOC111120689,3,2,1
LOC111120694,7,5,2
LOC111120703,3,2,1
LOC111120720,2,1,1
LOC111120721,2,1,1
LOC111120723,3,2,1
LOC111120727,3,2,1
LOC111120730,2,1,1
LOC111120749,4,2,2
LOC111120759,13,6,7
LOC111120768,2,1,1
LOC111120774,3,2,1
LOC111120801,3,2,1
LOC111120805,5,4,1
LOC111120813,3,2,1
LOC111120819,1,2,-1
LOC111120823,4,3,1
LOC111120824,3,2,1
LOC111120840,3,2,1
LOC111120846,3,2,1
LOC111120859,0,1,-1
LOC111120866,2,1,1
LOC111120874,8,7,1
LOC111120878,2,1,1
LOC111120885,5,3,2
LOC111120907,8,7,1
LOC111120910,2,1,1
LOC111120913,3,2,1
LOC111120915,6,2,4
LOC111120921,5,2,3
LOC111120922,3,2,1
LOC111120924,2,3,-1
LOC111120933,3,5,-2
LOC111120967,6,3,3
LOC111120979,4,3,1
LOC111121002,2,1,1
LOC111121006,4,3,1
LOC111121014,2,1,1
LOC111121028,3,2,1
LOC111121029,4,3,1
LOC111121030,3,1,2
LOC111121065,2,1,1
LOC111121068,7,5,2
LOC111121071,3,2,1
LOC111121072,2,1,1
LOC111121073,8,3,5
LOC111121113,2,1,1
LOC111121114,2,1,1
LOC111121128,4,3,1
LOC111121138,3,2,1
LOC111121141,4,5,-1
LOC111121152,1,2,-1
LOC111121175,7,8,-1
LOC111121184,20,13,7
LOC111121186,5,4,1
LOC111121189,1,2,-1
LOC111121204,2,1,1
LOC111121214,1,2,-1
LOC111121258,2,1,1
LOC111121265,3,1,2
LOC111121273,4,3,1
LOC111121277,3,4,-1
LOC111121278,1,4,-3
LOC111121291,2,3,-1
LOC111121298,2,1,1
LOC111121305,1,2,-1
LOC111121311,3,4,-1
LOC111121313,11,8,3
LOC111121323,7,6,1
LOC111121331,2,1,1
LOC111121353,2,1,1
LOC111121356,1,2,-1
LOC111121357,6,2,4
LOC111121358,6,5,1
LOC111121359,2,1,1
LOC111121367,2,1,1
LOC111121373,5,4,1
LOC111121383,2,1,1
LOC111121395,3,2,1
LOC111121396,1,2,-1
LOC111121405,7,3,4
LOC111121412,3,1,2
LOC111121415,4,2,2
LOC111121417,3,2,1
LOC111121420,5,3,2
LOC111121427,3,2,1
LOC111121471,3,1,2
LOC111121476,2,1,1
LOC111121493,2,1,1
LOC111121498,2,1,1
LOC111121523,4,2,2
LOC111121530,6,4,2
LOC111121537,1,2,-1
LOC111121548,2,1,1
LOC111121558,2,1,1
LOC111121570,1,2,-1
LOC111121572,3,2,1
LOC111121579,1,0,1
LOC111121580,3,4,-1
LOC111121583,3,2,1
LOC111121586,3,1,2
LOC111121596,2,1,1
LOC111121605,3,2,1
LOC111121612,3,2,1
LOC111121634,2,1,1
LOC111121655,6,3,3
LOC111121659,2,1,1
LOC111121669,1,2,-1
LOC111121672,3,2,1
LOC111121697,1,2,-1
LOC111121706,2,3,-1
LOC111121708,2,1,1
LOC111121709,2,1,1
LOC111121712,5,6,-1
LOC111121715,2,1,1
LOC111121716,2,1,1
LOC111121718,3,2,1
LOC111121730,2,1,1
LOC111121733,7,5,2
LOC111121735,2,1,1
LOC111121736,1,2,-1
LOC111121737,2,1,1
LOC111121739,4,3,1
LOC111121740,4,3,1
LOC111121742,1,3,-2
LOC111121743,3,1,2
LOC111121744,3,1,2
LOC111121745,5,4,1
LOC111121775,3,2,1
LOC111121786,2,1,1
LOC111121795,2,1,1
LOC111121826,3,2,1
LOC111121830,3,1,2
LOC111121839,15,9,6
LOC111121842,2,1,1
LOC111121847,3,2,1
LOC111121852,2,1,1
LOC111121853,2,5,-3
LOC111121855,3,2,1
LOC111121865,2,1,1
LOC111121866,2,1,1
LOC111121868,2,1,1
LOC111121880,2,1,1
LOC111121893,4,3,1
LOC111121901,4,3,1
LOC111121911,3,4,-1
LOC111121913,2,1,1
LOC111121921,4,3,1
LOC111121946,1,2,-1
LOC111121977,4,3,1
LOC111121983,4,3,1
LOC111121984,5,4,1
LOC111121985,0,1,-1
LOC111121989,3,2,1
LOC111121992,0,1,-1
LOC111121993,1,3,-2
LOC111121995,2,1,1
LOC111122008,1,3,-2
LOC111122016,8,6,2
LOC111122050,2,1,1
LOC111122054,2,1,1
LOC111122060,4,5,-1
LOC111122063,1,2,-1
LOC111122066,10,6,4
LOC111122071,2,1,1
LOC111122072,6,3,3
LOC111122108,16,10,6
LOC111122130,4,3,1
LOC111122132,1,2,-1
LOC111122136,7,6,1
LOC111122144,2,1,1
LOC111122145,8,4,4
LOC111122157,2,1,1
LOC111122159,4,3,1
LOC111122160,4,3,1
LOC111122167,3,4,-1
LOC111122182,0,1,-1
LOC111122205,4,2,2
LOC111122214,2,1,1
LOC111122216,2,4,-2
LOC111122220,4,2,2
LOC111122289,2,1,1
LOC111122295,3,1,2
LOC111122296,6,4,2
LOC111122299,4,3,1
LOC111122300,4,3,1
LOC111122301,2,1,1
LOC111122304,2,1,1
LOC111122316,29,17,12
LOC111122317,2,1,1
LOC111122329,7,4,3
LOC111122342,9,8,1
LOC111122350,7,3,4
LOC111122354,4,3,1
LOC111122356,3,2,1
LOC111122365,2,1,1
LOC111122367,2,1,1
LOC111122368,6,5,1
LOC111122377,5,3,2
LOC111122401,5,4,1
LOC111122406,2,1,1
LOC111122408,1,2,-1
LOC111122416,2,1,1
LOC111122419,4,2,2
LOC111122420,1,2,-1
LOC111122446,6,5,1
LOC111122456,3,2,1
LOC111122494,7,5,2
LOC111122496,2,3,-1
LOC111122511,4,3,1
LOC111122514,4,3,1
LOC111122522,4,2,2
LOC111122528,2,1,1
LOC111122540,5,3,2
LOC111122541,2,1,1
LOC111122552,1,3,-2
LOC111122558,3,2,1
LOC111122560,0,1,-1
LOC111122584,3,2,1
LOC111122591,6,5,1
LOC111122596,1,2,-1
LOC111122599,4,2,2
LOC111122602,8,7,1
LOC111122621,2,0,2
LOC111122624,0,1,-1
LOC111122627,4,3,1
LOC111122631,1,0,1
LOC111122632,1,0,1
LOC111122641,3,2,1
LOC111122656,1,2,-1
LOC111122662,2,1,1
LOC111122665,3,2,1
LOC111122670,2,1,1
LOC111122671,3,2,1
LOC111122680,2,1,1
LOC111122684,2,1,1
LOC111122689,5,3,2
LOC111122706,5,3,2
LOC111122713,0,1,-1
LOC111122731,2,3,-1
LOC111122732,4,3,1
LOC111122737,3,2,1
LOC111122745,2,1,1
LOC111122752,9,6,3
LOC111122773,24,14,10
LOC111122781,1,2,-1
LOC111122787,1,2,-1
LOC111122795,4,3,1
LOC111122797,4,2,2
LOC111122801,9,6,3
LOC111122802,3,2,1
LOC111122803,4,3,1
LOC111122804,3,4,-1
LOC111122806,8,5,3
LOC111122811,19,10,9
LOC111122812,0,1,-1
LOC111122814,2,1,1
LOC111122830,4,5,-1
LOC111122837,7,6,1
LOC111122844,0,1,-1
LOC111122852,7,2,5
LOC111122855,2,1,1
LOC111122864,1,2,-1
LOC111122875,4,3,1
LOC111122881,2,4,-2
LOC111122884,1,2,-1
LOC111122895,5,4,1
LOC111122912,2,1,1
LOC111122929,3,2,1
LOC111122940,11,7,4
LOC111122951,3,1,2
LOC111122959,1,2,-1
LOC111122987,4,3,1
LOC111122990,4,3,1
LOC111122992,0,1,-1
LOC111122998,8,6,2
LOC111123006,2,3,-1
LOC111123021,4,3,1
LOC111123027,0,1,-1
LOC111123032,2,1,1
LOC111123041,3,2,1
LOC111123054,2,1,1
LOC111123069,4,3,1
LOC111123092,3,2,1
LOC111123098,3,2,1
LOC111123102,2,1,1
LOC111123122,0,1,-1
LOC111123128,11,8,3
LOC111123130,3,2,1
LOC111123131,2,1,1
LOC111123132,4,1,3
LOC111123135,2,1,1
LOC111123136,2,3,-1
LOC111123141,2,1,1
LOC111123143,3,2,1
LOC111123151,3,2,1
LOC111123177,3,1,2
LOC111123180,4,2,2
LOC111123200,2,1,1
LOC111123204,8,6,2
LOC111123207,7,4,3
LOC111123218,4,3,1
LOC111123231,2,1,1
LOC111123241,10,9,1
LOC111123243,12,7,5
LOC111123246,1,2,-1
LOC111123248,6,4,2
LOC111123253,2,1,1
LOC111123264,9,5,4
LOC111123269,5,4,1
LOC111123273,3,2,1
LOC111123278,4,3,1
LOC111123290,3,1,2
LOC111123294,2,3,-1
LOC111123312,2,1,1
LOC111123321,1,2,-1
LOC111123328,2,3,-1
LOC111123333,3,2,1
LOC111123335,3,1,2
LOC111123341,2,7,-5
LOC111123343,4,2,2
LOC111123353,1,2,-1
LOC111123356,1,2,-1
LOC111123365,2,1,1
LOC111123368,1,3,-2
LOC111123371,3,2,1
LOC111123372,3,1,2
LOC111123390,4,2,2
LOC111123395,2,1,1
LOC111123409,3,4,-1
LOC111123411,2,1,1
LOC111123414,2,1,1
LOC111123415,4,3,1
LOC111123418,3,2,1
LOC111123423,3,2,1
LOC111123430,0,1,-1
LOC111123433,1,2,-1
LOC111123460,11,5,6
LOC111123465,1,0,1
LOC111123472,2,0,2
LOC111123483,15,10,5
LOC111123486,2,7,-5
LOC111123492,20,18,2
LOC111123493,8,5,3
LOC111123497,4,3,1
LOC111123501,1,4,-3
LOC111123513,0,1,-1
LOC111123514,1,2,-1
LOC111123550,7,4,3
LOC111123556,7,6,1
LOC111123558,1,3,-2
LOC111123571,4,2,2
LOC111123575,6,7,-1
LOC111123581,3,2,1
LOC111123597,2,1,1
LOC111123610,12,8,4
LOC111123612,1,3,-2
LOC111123617,3,2,1
LOC111123627,1,2,-1
LOC111123630,2,1,1
LOC111123631,3,4,-1
LOC111123636,2,1,1
LOC111123637,2,1,1
LOC111123640,1,2,-1
LOC111123648,13,10,3
LOC111123651,0,1,-1
LOC111123652,1,2,-1
LOC111123654,1,2,-1
LOC111123656,2,1,1
LOC111123657,7,5,2
LOC111123661,4,2,2
LOC111123663,2,1,1
LOC111123664,6,5,1
LOC111123667,2,1,1
LOC111123669,2,1,1
LOC111123689,1,2,-1
LOC111123691,12,6,6
LOC111123692,5,4,1
LOC111123721,2,1,1
LOC111123731,4,6,-2
LOC111123734,3,2,1
LOC111123743,14,11,3
LOC111123745,2,3,-1
LOC111123749,3,2,1
LOC111123755,3,1,2
LOC111123756,1,2,-1
LOC111123764,3,2,1
LOC111123765,1,2,-1
LOC111123785,2,1,1
LOC111123798,2,1,1
LOC111123802,14,6,8
LOC111123806,7,5,2
LOC111123807,2,1,1
LOC111123814,3,2,1
LOC111123817,3,2,1
LOC111123820,4,3,1
LOC111123821,4,3,1
LOC111123845,2,1,1
LOC111123858,2,1,1
LOC111123865,1,2,-1
LOC111123869,7,6,1
LOC111123883,2,1,1
LOC111123886,2,1,1
LOC111123888,1,2,-1
LOC111123890,27,14,13
LOC111123892,7,6,1
LOC111123894,3,2,1
LOC111123901,5,4,1
LOC111123904,7,4,3
LOC111123905,3,2,1
LOC111123907,5,4,1
LOC111123910,15,13,2
LOC111123912,3,2,1
LOC111123917,2,3,-1
LOC111123920,1,2,-1
LOC111123922,3,2,1
LOC111123926,4,2,2
LOC111123928,4,3,1
LOC111123935,2,1,1
LOC111123938,6,3,3
LOC111123943,2,3,-1
LOC111123945,0,1,-1
LOC111123956,2,1,1
LOC111123960,9,8,1
LOC111123970,6,5,1
LOC111123976,3,2,1
LOC111123979,6,7,-1
LOC111123983,13,12,1
LOC111123993,11,9,2
LOC111123995,3,1,2
LOC111124002,9,6,3
LOC111124011,4,3,1
LOC111124018,6,5,1
LOC111124022,5,2,3
LOC111124025,3,2,1
LOC111124026,12,8,4
LOC111124030,4,3,1
LOC111124036,11,6,5
LOC111124103,0,1,-1
LOC111124124,0,1,-1
LOC111124127,0,1,-1
LOC111124155,2,1,1
LOC111124175,0,1,-1
LOC111124180,0,1,-1
LOC111124256,0,1,-1
LOC111124281,0,1,-1
LOC111124466,16,4,12
LOC111124469,3,4,-1
LOC111124489,3,1,2
LOC111124492,2,1,1
LOC111124493,17,9,8
LOC111124494,11,4,7
LOC111124495,2,5,-3
LOC111124502,3,4,-1
LOC111124513,1,2,-1
LOC111124514,1,2,-1
LOC111124529,4,2,2
LOC111124535,5,3,2
LOC111124554,9,6,3
LOC111124556,3,2,1
LOC111124570,2,1,1
LOC111124575,4,3,1
LOC111124585,3,2,1
LOC111124599,6,5,1
LOC111124609,2,1,1
LOC111124611,2,1,1
LOC111124612,8,5,3
LOC111124613,2,1,1
LOC111124621,5,4,1
LOC111124633,9,7,2
LOC111124635,3,2,1
LOC111124642,19,10,9
LOC111124650,8,4,4
LOC111124658,3,2,1
LOC111124659,3,2,1
LOC111124662,6,2,4
LOC111124666,7,5,2
LOC111124669,3,2,1
LOC111124674,3,4,-1
LOC111124678,1,2,-1
LOC111124680,0,1,-1
LOC111124691,1,0,1
LOC111124692,11,6,5
LOC111124695,6,4,2
LOC111124719,9,7,2
LOC111124720,4,3,1
LOC111124729,5,3,2
LOC111124732,2,1,1
LOC111124747,7,6,1
LOC111124749,2,1,1
LOC111124756,5,4,1
LOC111124760,4,3,1
LOC111124766,2,1,1
LOC111124769,2,1,1
LOC111124773,4,5,-1
LOC111124774,2,1,1
LOC111124779,2,1,1
LOC111124783,1,2,-1
LOC111124785,1,2,-1
LOC111124789,2,1,1
LOC111124808,5,4,1
LOC111124817,2,3,-1
LOC111124835,2,1,1
LOC111124842,3,1,2
LOC111124843,6,5,1
LOC111124850,3,2,1
LOC111124852,3,2,1
LOC111124857,0,1,-1
LOC111124858,0,1,-1
LOC111124859,4,2,2
LOC111124862,9,8,1
LOC111124864,3,1,2
LOC111124865,5,3,2
LOC111124868,4,3,1
LOC111124869,1,2,-1
LOC111124870,2,1,1
LOC111124894,4,3,1
LOC111124900,4,2,2
LOC111124901,2,1,1
LOC111124902,2,1,1
LOC111124904,11,8,3
LOC111124905,3,4,-1
LOC111124908,3,2,1
LOC111124917,4,3,1
LOC111124921,2,3,-1
LOC111124925,0,1,-1
LOC111124930,1,2,-1
LOC111124931,3,2,1
LOC111124933,2,3,-1
LOC111124935,3,2,1
LOC111124936,2,1,1
LOC111124937,4,3,1
LOC111124939,8,6,2
LOC111124942,5,4,1
LOC111124944,15,10,5
LOC111124946,2,1,1
LOC111124952,3,2,1
LOC111124953,4,3,1
LOC111124959,2,1,1
LOC111124962,4,3,1
LOC111124963,2,1,1
LOC111124969,1,2,-1
LOC111124974,1,2,-1
LOC111124985,5,7,-2
LOC111124995,1,2,-1
LOC111124999,6,5,1
LOC111125000,2,1,1
LOC111125004,6,3,3
LOC111125011,2,1,1
LOC111125013,3,2,1
LOC111125018,6,5,1
LOC111125027,4,3,1
LOC111125032,8,5,3
LOC111125039,1,0,1
LOC111125044,2,3,-1
LOC111125047,4,3,1
LOC111125055,6,3,3
LOC111125060,2,1,1
LOC111125061,4,3,1
LOC111125063,2,1,1
LOC111125082,1,0,1
LOC111125084,4,3,1
LOC111125086,3,1,2
LOC111125089,5,4,1
LOC111125102,2,1,1
LOC111125108,2,1,1
LOC111125110,2,1,1
LOC111125116,5,2,3
LOC111125119,3,2,1
LOC111125122,4,2,2
LOC111125124,5,4,1
LOC111125125,1,2,-1
LOC111125134,6,3,3
LOC111125149,1,2,-1
LOC111125151,3,2,1
LOC111125153,1,3,-2
LOC111125156,2,1,1
LOC111125160,2,1,1
LOC111125161,2,1,1
LOC111125170,2,1,1
LOC111125174,2,1,1
LOC111125181,1,2,-1
LOC111125185,0,1,-1
LOC111125187,2,1,1
LOC111125194,5,4,1
LOC111125199,4,2,2
LOC111125208,3,5,-2
LOC111125211,2,1,1
LOC111125219,3,1,2
LOC111125224,9,6,3
LOC111125230,6,4,2
LOC111125242,4,3,1
LOC111125257,0,1,-1
LOC111125260,1,2,-1
LOC111125265,1,3,-2
LOC111125268,3,2,1
LOC111125277,5,3,2
LOC111125284,5,4,1
LOC111125285,2,1,1
LOC111125298,4,3,1
LOC111125306,5,4,1
LOC111125308,4,2,2
LOC111125314,5,3,2
LOC111125317,1,2,-1
LOC111125320,21,13,8
LOC111125326,2,1,1
LOC111125329,2,1,1
LOC111125330,25,8,17
LOC111125336,2,4,-2
LOC111125338,2,3,-1
LOC111125344,2,1,1
LOC111125345,2,1,1
LOC111125347,5,7,-2
LOC111125355,4,2,2
LOC111125365,4,1,3
LOC111125372,7,6,1
LOC111125375,9,8,1
LOC111125378,2,1,1
LOC111125388,2,1,1
LOC111125391,8,5,3
LOC111125394,1,3,-2
LOC111125395,4,1,3
LOC111125401,2,1,1
LOC111125403,4,2,2
LOC111125411,2,1,1
LOC111125414,1,0,1
LOC111125422,1,0,1
LOC111125431,3,1,2
LOC111125432,2,1,1
LOC111125433,4,3,1
LOC111125437,8,5,3
LOC111125441,4,1,3
LOC111125443,5,4,1
LOC111125445,2,1,1
LOC111125450,11,8,3
LOC111125451,2,1,1
LOC111125453,2,1,1
LOC111125463,28,11,17
LOC111125473,4,2,2
LOC111125481,1,3,-2
LOC111125484,4,3,1
LOC111125488,4,2,2
LOC111125490,4,2,2
LOC111125494,3,2,1
LOC111125497,0,1,-1
LOC111125504,8,4,4
LOC111125513,3,2,1
LOC111125514,2,1,1
LOC111125524,4,2,2
LOC111125535,1,3,-2
LOC111125544,6,5,1
LOC111125559,1,2,-1
LOC111125567,7,4,3
LOC111125570,4,5,-1
LOC111125576,3,2,1
LOC111125577,7,4,3
LOC111125587,0,1,-1
LOC111125590,5,4,1
LOC111125594,3,6,-3
LOC111125599,3,2,1
LOC111125608,1,0,1
LOC111125615,2,1,1
LOC111125623,3,2,1
LOC111125624,2,1,1
LOC111125629,7,5,2
LOC111125632,2,1,1
LOC111125634,6,3,3
LOC111125638,2,1,1
LOC111125639,4,3,1
LOC111125640,1,2,-1
LOC111125642,1,2,-1
LOC111125646,3,2,1
LOC111125647,3,2,1
LOC111125651,4,3,1
LOC111125656,3,4,-1
LOC111125661,4,2,2
LOC111125662,6,4,2
LOC111125663,9,4,5
LOC111125664,6,5,1
LOC111125672,2,1,1
LOC111125673,3,2,1
LOC111125677,3,2,1
LOC111125678,2,1,1
LOC111125710,2,1,1
LOC111125717,3,4,-1
LOC111125720,4,2,2
LOC111125727,5,4,1
LOC111125733,2,1,1
LOC111125735,5,4,1
LOC111125740,5,3,2
LOC111125752,3,2,1
LOC111125764,15,9,6
LOC111125792,1,2,-1
LOC111125795,4,1,3
LOC111125797,4,1,3
LOC111125799,4,3,1
LOC111125802,9,6,3
LOC111125803,4,2,2
LOC111125810,2,3,-1
LOC111125820,5,4,1
LOC111125823,2,1,1
LOC111125830,4,2,2
LOC111125833,13,10,3
LOC111125839,7,9,-2
LOC111125854,7,3,4
LOC111125855,2,1,1
LOC111125859,2,1,1
LOC111125861,2,3,-1
LOC111125863,1,2,-1
LOC111125870,4,1,3
LOC111125878,3,2,1
LOC111125880,4,3,1
LOC111125881,3,2,1
LOC111125890,5,4,1
LOC111125897,4,3,1
LOC111125898,2,1,1
LOC111125905,5,4,1
LOC111125906,10,9,1
LOC111125911,4,3,1
LOC111125923,2,1,1
LOC111125930,6,4,2
LOC111125935,2,1,1
LOC111125942,17,10,7
LOC111125949,2,1,1
LOC111125951,2,1,1
LOC111125954,3,2,1
LOC111125955,2,1,1
LOC111125956,9,7,2
LOC111125958,6,5,1
LOC111125971,1,2,-1
LOC111125994,2,1,1
LOC111125997,2,3,-1
LOC111126003,2,1,1
LOC111126007,6,5,1
LOC111126021,2,1,1
LOC111126023,3,2,1
LOC111126026,2,1,1
LOC111126031,2,1,1
LOC111126043,4,1,3
LOC111126054,5,2,3
LOC111126067,2,1,1
LOC111126076,4,2,2
LOC111126086,2,1,1
LOC111126091,1,2,-1
LOC111126094,2,1,1
LOC111126103,2,1,1
LOC111126130,3,2,1
LOC111126136,4,3,1
LOC111126145,8,5,3
LOC111126149,5,3,2
LOC111126153,0,1,-1
LOC111126165,3,2,1
LOC111126166,2,3,-1
LOC111126169,1,3,-2
LOC111126172,2,3,-1
LOC111126180,1,2,-1
LOC111126189,2,1,1
LOC111126196,2,1,1
LOC111126197,3,2,1
LOC111126203,3,2,1
LOC111126223,4,2,2
LOC111126230,3,2,1
LOC111126232,2,1,1
LOC111126241,2,1,1
LOC111126248,2,1,1
LOC111126251,5,4,1
LOC111126252,3,4,-1
LOC111126253,3,2,1
LOC111126257,3,2,1
LOC111126274,2,3,-1
LOC111126286,0,1,-1
LOC111126293,3,2,1
LOC111126304,1,2,-1
LOC111126309,3,2,1
LOC111126326,2,1,1
LOC111126327,3,2,1
LOC111126338,3,2,1
LOC111126352,14,8,6
LOC111126360,5,4,1
LOC111126366,2,1,1
LOC111126376,15,13,2
LOC111126380,2,1,1
LOC111126381,4,2,2
LOC111126387,3,2,1
LOC111126395,11,5,6
LOC111126399,3,1,2
LOC111126405,6,4,2
LOC111126407,2,1,1
LOC111126408,4,2,2
LOC111126409,4,2,2
LOC111126412,3,2,1
LOC111126416,5,4,1
LOC111126419,2,1,1
LOC111126421,5,3,2
LOC111126434,2,1,1
LOC111126439,1,2,-1
LOC111126443,2,1,1
LOC111126454,1,2,-1
LOC111126455,13,12,1
LOC111126457,5,4,1
LOC111126459,2,1,1
LOC111126468,2,1,1
LOC111126475,2,1,1
LOC111126476,1,0,1
LOC111126487,3,2,1
LOC111126490,2,1,1
LOC111126502,2,1,1
LOC111126509,1,2,-1
LOC111126514,1,3,-2
LOC111126529,6,4,2
LOC111126543,3,2,1
LOC111126549,3,2,1
LOC111126560,8,7,1
LOC111126574,2,1,1
LOC111126580,4,3,1
LOC111126585,6,5,1
LOC111126586,6,4,2
LOC111126587,7,5,2
LOC111126594,0,1,-1
LOC111126599,3,1,2
LOC111126605,5,3,2
LOC111126606,3,4,-1
LOC111126624,6,4,2
LOC111126636,3,2,1
LOC111126640,1,0,1
LOC111126644,1,2,-1
LOC111126645,4,1,3
LOC111126659,3,2,1
LOC111126669,3,2,1
LOC111126671,1,2,-1
LOC111126672,2,1,1
LOC111126673,8,4,4
LOC111126676,3,2,1
LOC111126680,3,4,-1
LOC111126682,4,3,1
LOC111126685,0,1,-1
LOC111126691,2,1,1
LOC111126693,5,3,2
LOC111126694,2,3,-1
LOC111126711,3,2,1
LOC111126715,3,2,1
LOC111126719,1,2,-1
LOC111126734,2,1,1
LOC111126755,0,1,-1
LOC111126759,2,1,1
LOC111126760,4,3,1
LOC111126761,6,3,3
LOC111126771,3,2,1
LOC111126772,2,1,1
LOC111126788,4,3,1
LOC111126791,7,5,2
LOC111126798,5,3,2
LOC111126804,5,4,1
LOC111126809,5,4,1
LOC111126810,11,8,3
LOC111126828,16,9,7
LOC111126842,2,3,-1
LOC111126856,1,2,-1
LOC111126867,0,1,-1
LOC111126873,2,1,1
LOC111126875,4,2,2
LOC111126882,2,3,-1
LOC111126888,5,4,1
LOC111126901,4,1,3
LOC111126903,2,3,-1
LOC111126905,2,1,1
LOC111126914,4,1,3
LOC111126918,3,1,2
LOC111126932,1,2,-1
LOC111126935,2,1,1
LOC111126961,4,2,2
LOC111126964,2,1,1
LOC111126972,3,2,1
LOC111126976,2,1,1
LOC111127004,2,5,-3
LOC111127010,6,4,2
LOC111127013,2,1,1
LOC111127021,2,1,1
LOC111127032,3,2,1
LOC111127043,5,2,3
LOC111127048,5,4,1
LOC111127049,4,2,2
LOC111127051,3,2,1
LOC111127053,2,1,1
LOC111127063,0,1,-1
LOC111127067,2,1,1
LOC111127079,4,3,1
LOC111127081,2,1,1
LOC111127083,1,0,1
LOC111127085,2,1,1
LOC111127091,3,2,1
LOC111127092,1,0,1
LOC111127097,2,3,-1
LOC111127107,6,4,2
LOC111127113,0,1,-1
LOC111127117,6,2,4
LOC111127118,3,2,1
LOC111127124,5,4,1
LOC111127137,3,2,1
LOC111127139,4,3,1
LOC111127145,4,3,1
LOC111127146,6,5,1
LOC111127158,1,3,-2
LOC111127160,3,2,1
LOC111127166,2,1,1
LOC111127178,4,3,1
LOC111127180,1,3,-2
LOC111127181,0,1,-1
LOC111127193,2,3,-1
LOC111127196,2,1,1
LOC111127211,2,1,1
LOC111127212,1,2,-1
LOC111127214,2,1,1
LOC111127220,4,2,2
LOC111127221,2,1,1
LOC111127222,1,2,-1
LOC111127223,2,1,1
LOC111127234,3,1,2
LOC111127236,1,2,-1
LOC111127246,0,1,-1
LOC111127260,3,1,2
LOC111127264,3,2,1
LOC111127287,0,1,-1
LOC111127290,1,2,-1
LOC111127309,3,1,2
LOC111127310,6,3,3
LOC111127311,3,2,1
LOC111127340,1,0,1
LOC111127351,7,5,2
LOC111127356,3,2,1
LOC111127357,1,2,-1
LOC111127366,3,2,1
LOC111127370,3,1,2
LOC111127373,0,1,-1
LOC111127413,2,3,-1
LOC111127414,4,3,1
LOC111127415,3,1,2
LOC111127424,3,2,1
LOC111127436,1,2,-1
LOC111127476,3,1,2
LOC111127479,2,1,1
LOC111127485,2,1,1
LOC111127487,6,4,2
LOC111127488,2,1,1
LOC111127489,2,1,1
LOC111127491,1,2,-1
LOC111127494,2,1,1
LOC111127498,4,3,1
LOC111127510,5,4,1
LOC111127519,1,2,-1
LOC111127533,1,2,-1
LOC111127539,3,2,1
LOC111127549,3,2,1
LOC111127569,3,1,2
LOC111127570,2,1,1
LOC111127575,3,2,1
LOC111127583,4,2,2
LOC111127587,2,3,-1
LOC111127590,2,1,1
LOC111127591,2,1,1
LOC111127593,2,1,1
LOC111127598,2,1,1
LOC111127601,3,2,1
LOC111127602,2,1,1
LOC111127603,3,2,1
LOC111127623,0,2,-2
LOC111127624,0,1,-1
LOC111127631,0,1,-1
LOC111127633,3,2,1
LOC111127639,1,2,-1
LOC111127642,4,3,1
LOC111127644,4,2,2
LOC111127646,2,1,1
LOC111127648,0,1,-1
LOC111127650,10,7,3
LOC111127656,2,1,1
LOC111127726,2,1,1
LOC111127733,2,1,1
LOC111127743,4,3,1
LOC111127755,1,2,-1
LOC111127764,1,2,-1
LOC111127765,3,2,1
LOC111127781,2,3,-1
LOC111127790,4,3,1
LOC111127795,3,2,1
LOC111127808,2,3,-1
LOC111127810,2,3,-1
LOC111127823,2,1,1
LOC111127830,2,3,-1
LOC111127832,4,3,1
LOC111127840,2,1,1
LOC111127846,4,3,1
LOC111127852,1,2,-1
LOC111127855,3,4,-1
LOC111127860,2,1,1
LOC111127862,6,3,3
LOC111127877,10,7,3
LOC111127889,2,1,1
LOC111127902,3,2,1
LOC111127906,8,6,2
LOC111127908,1,3,-2
LOC111127911,8,6,2
LOC111127914,4,3,1
LOC111127975,7,6,1
LOC111127981,15,10,5
LOC111127989,3,2,1
LOC111127992,3,2,1
LOC111127993,3,2,1
LOC111128012,0,1,-1
LOC111128029,8,3,5
LOC111128033,4,5,-1
LOC111128034,4,3,1
LOC111128040,5,3,2
LOC111128041,14,7,7
LOC111128057,3,2,1
LOC111128065,4,3,1
LOC111128067,3,2,1
LOC111128069,2,1,1
LOC111128074,1,4,-3
LOC111128076,17,16,1
LOC111128078,2,1,1
LOC111128082,9,8,1
LOC111128085,13,9,4
LOC111128093,7,3,4
LOC111128094,2,1,1
LOC111128106,2,1,1
LOC111128107,2,1,1
LOC111128112,1,2,-1
LOC111128118,4,2,2
LOC111128136,3,2,1
LOC111128150,5,3,2
LOC111128152,2,1,1
LOC111128188,6,5,1
LOC111128195,2,3,-1
LOC111128224,2,1,1
LOC111128241,1,2,-1
LOC111128242,3,2,1
LOC111128244,11,1,10
LOC111128245,6,5,1
LOC111128249,0,1,-1
LOC111128256,3,5,-2
LOC111128258,2,1,1
LOC111128273,2,3,-1
LOC111128277,3,2,1
LOC111128281,1,3,-2
LOC111128292,7,4,3
LOC111128293,2,1,1
LOC111128296,2,1,1
LOC111128313,4,5,-1
LOC111128315,4,2,2
LOC111128319,1,2,-1
LOC111128324,2,1,1
LOC111128348,1,2,-1
LOC111128358,5,3,2
LOC111128360,3,4,-1
LOC111128377,2,1,1
LOC111128397,1,2,-1
LOC111128405,4,2,2
LOC111128422,0,1,-1
LOC111128424,2,1,1
LOC111128425,4,3,1
LOC111128432,3,4,-1
LOC111128437,3,2,1
LOC111128447,1,2,-1
LOC111128450,7,5,2
LOC111128477,2,1,1
LOC111128488,2,1,1
LOC111128492,4,3,1
LOC111128494,0,1,-1
LOC111128498,5,4,1
LOC111128504,2,1,1
LOC111128506,1,0,1
LOC111128511,3,2,1
LOC111128523,10,6,4
LOC111128531,7,2,5
LOC111128533,8,7,1
LOC111128536,3,2,1
LOC111128537,3,2,1
LOC111128548,5,4,1
LOC111128549,4,3,1
LOC111128553,2,1,1
LOC111128570,2,1,1
LOC111128581,24,19,5
LOC111128585,2,1,1
LOC111128586,3,2,1
LOC111128599,5,3,2
LOC111128600,2,3,-1
LOC111128607,4,3,1
LOC111128618,2,1,1
LOC111128623,3,2,1
LOC111128624,2,1,1
LOC111128642,3,2,1
LOC111128644,2,1,1
LOC111128645,1,2,-1
LOC111128648,3,2,1
LOC111128651,0,1,-1
LOC111128656,4,2,2
LOC111128658,4,3,1
LOC111128660,3,4,-1
LOC111128679,5,4,1
LOC111128683,3,1,2
LOC111128686,0,1,-1
LOC111128687,4,3,1
LOC111128696,2,1,1
LOC111128697,2,1,1
LOC111128698,9,5,4
LOC111128700,2,1,1
LOC111128713,3,2,1
LOC111128725,3,2,1
LOC111128737,2,1,1
LOC111128741,2,1,1
LOC111128746,9,6,3
LOC111128752,2,1,1
LOC111128759,4,3,1
LOC111128761,3,2,1
LOC111128768,9,7,2
LOC111128783,6,4,2
LOC111128788,3,6,-3
LOC111128790,2,4,-2
LOC111128794,6,4,2
LOC111128800,5,1,4
LOC111128803,10,6,4
LOC111128808,2,1,1
LOC111128814,1,2,-1
LOC111128821,7,6,1
LOC111128852,5,4,1
LOC111128859,8,3,5
LOC111128864,2,1,1
LOC111128871,11,8,3
LOC111128873,2,3,-1
LOC111128876,1,2,-1
LOC111128878,8,5,3
LOC111128883,18,7,11
LOC111128885,4,3,1
LOC111128902,4,3,1
LOC111128913,5,4,1
LOC111128914,2,1,1
LOC111128919,3,2,1
LOC111128929,1,0,1
LOC111128930,3,1,2
LOC111128933,8,6,2
LOC111128946,2,3,-1
LOC111128961,2,1,1
LOC111128966,3,2,1
LOC111128978,3,2,1
LOC111128979,11,7,4
LOC111128990,5,2,3
LOC111128992,4,3,1
LOC111128998,11,6,5
LOC111128999,2,1,1
LOC111129002,4,2,2
LOC111129005,5,4,1
LOC111129006,5,4,1
LOC111129007,3,4,-1
LOC111129017,3,2,1
LOC111129020,3,2,1
LOC111129022,1,2,-1
LOC111129023,4,1,3
LOC111129038,1,2,-1
LOC111129041,2,1,1
LOC111129045,0,1,-1
LOC111129051,2,1,1
LOC111129055,9,7,2
LOC111129056,8,7,1
LOC111129069,4,2,2
LOC111129075,0,1,-1
LOC111129076,3,2,1
LOC111129079,4,3,1
LOC111129081,5,3,2
LOC111129088,14,10,4
LOC111129092,6,5,1
LOC111129093,3,2,1
LOC111129094,5,4,1
LOC111129117,7,6,1
LOC111129121,7,6,1
LOC111129125,5,4,1
LOC111129131,8,4,4
LOC111129133,4,3,1
LOC111129143,8,3,5
LOC111129162,20,12,8
LOC111129164,2,1,1
LOC111129170,20,11,9
LOC111129171,0,1,-1
LOC111129176,4,2,2
LOC111129177,8,5,3
LOC111129181,2,1,1
LOC111129189,4,3,1
LOC111129193,5,6,-1
LOC111129198,2,1,1
LOC111129199,1,2,-1
LOC111129205,3,2,1
LOC111129207,2,1,1
LOC111129214,2,1,1
LOC111129221,5,3,2
LOC111129228,2,1,1
LOC111129231,5,4,1
LOC111129233,0,1,-1
LOC111129239,3,2,1
LOC111129248,1,0,1
LOC111129252,4,5,-1
LOC111129256,4,3,1
LOC111129267,5,2,3
LOC111129269,6,3,3
LOC111129275,1,2,-1
LOC111129277,4,3,1
LOC111129294,3,2,1
LOC111129300,5,4,1
LOC111129303,2,1,1
LOC111129304,2,1,1
LOC111129315,2,1,1
LOC111129330,1,2,-1
LOC111129334,7,3,4
LOC111129343,5,4,1
LOC111129348,6,4,2
LOC111129352,6,4,2
LOC111129365,5,3,2
LOC111129367,1,2,-1
LOC111129371,3,2,1
LOC111129374,2,1,1
LOC111129376,4,3,1
LOC111129397,3,1,2
LOC111129402,1,4,-3
LOC111129405,2,1,1
LOC111129406,3,2,1
LOC111129431,3,2,1
LOC111129432,2,4,-2
LOC111129433,3,4,-1
LOC111129459,5,2,3
LOC111129462,3,2,1
LOC111129472,2,1,1
LOC111129473,3,1,2
LOC111129477,1,2,-1
LOC111129478,5,2,3
LOC111129479,3,2,1
LOC111129480,2,1,1
LOC111129483,8,4,4
LOC111129497,5,2,3
LOC111129501,3,1,2
LOC111129505,2,1,1
LOC111129512,8,10,-2
LOC111129513,5,4,1
LOC111129523,1,3,-2
LOC111129562,2,1,1
LOC111129573,0,1,-1
LOC111129591,6,4,2
LOC111129595,1,0,1
LOC111129643,4,3,1
LOC111129644,3,2,1
LOC111129646,0,1,-1
LOC111129668,1,2,-1
LOC111129693,6,4,2
LOC111129706,3,2,1
LOC111129817,4,3,1
LOC111129819,3,2,1
LOC111129823,9,4,5
LOC111129836,9,6,3
LOC111129863,5,3,2
LOC111129874,10,8,2
LOC111129877,9,8,1
LOC111129882,4,2,2
LOC111129891,2,1,1
LOC111129892,2,1,1
LOC111129899,9,5,4
LOC111129906,3,1,2
LOC111129907,3,2,1
LOC111129912,4,3,1
LOC111129917,1,2,-1
LOC111129922,3,4,-1
LOC111129923,3,2,1
LOC111129932,2,1,1
LOC111129933,3,2,1
LOC111129938,2,1,1
LOC111129944,5,2,3
LOC111129949,2,1,1
LOC111129954,3,2,1
LOC111129964,1,2,-1
LOC111129967,6,5,1
LOC111129975,23,20,3
LOC111129980,10,5,5
LOC111129982,2,1,1
LOC111129993,0,1,-1
LOC111130000,3,1,2
LOC111130003,1,2,-1
LOC111130010,3,2,1
LOC111130012,3,2,1
LOC111130021,3,2,1
LOC111130025,2,1,1
LOC111130029,4,2,2
LOC111130038,4,5,-1
LOC111130040,15,6,9
LOC111130042,3,2,1
LOC111130045,2,1,1
LOC111130048,4,3,1
LOC111130051,4,2,2
LOC111130052,7,6,1
LOC111130053,5,1,4
LOC111130055,3,2,1
LOC111130058,2,1,1
LOC111130063,4,3,1
LOC111130070,2,1,1
LOC111130071,2,3,-1
LOC111130074,4,3,1
LOC111130081,5,4,1
LOC111130104,2,1,1
LOC111130107,6,5,1
LOC111130110,2,3,-1
LOC111130111,6,2,4
LOC111130115,2,1,1
LOC111130125,4,3,1
LOC111130136,2,1,1
LOC111130142,2,1,1
LOC111130148,1,2,-1
LOC111130154,2,1,1
LOC111130155,3,2,1
LOC111130158,2,1,1
LOC111130170,3,1,2
LOC111130171,2,1,1
LOC111130175,3,2,1
LOC111130178,4,3,1
LOC111130179,3,2,1
LOC111130185,2,1,1
LOC111130188,2,1,1
LOC111130203,4,2,2
LOC111130209,4,2,2
LOC111130214,2,1,1
LOC111130223,3,4,-1
LOC111130224,1,2,-1
LOC111130232,2,1,1
LOC111130239,2,1,1
LOC111130241,2,1,1
LOC111130245,4,3,1
LOC111130249,4,3,1
LOC111130250,2,4,-2
LOC111130256,5,4,1
LOC111130277,6,5,1
LOC111130279,2,1,1
LOC111130283,7,6,1
LOC111130286,5,4,1
LOC111130294,2,1,1
LOC111130297,23,14,9
LOC111130306,2,4,-2
LOC111130310,5,3,2
LOC111130314,3,2,1
LOC111130316,3,2,1
LOC111130323,6,2,4
LOC111130325,6,4,2
LOC111130332,6,4,2
LOC111130338,9,4,5
LOC111130343,7,5,2
LOC111130345,3,6,-3
LOC111130350,3,1,2
LOC111130353,12,18,-6
LOC111130354,6,5,1
LOC111130369,5,4,1
LOC111130370,3,2,1
LOC111130375,3,4,-1
LOC111130384,5,4,1
LOC111130388,2,1,1
LOC111130389,3,2,1
LOC111130398,7,2,5
LOC111130400,2,1,1
LOC111130409,10,8,2
LOC111130412,5,4,1
LOC111130414,1,2,-1
LOC111130417,3,1,2
LOC111130420,2,1,1
LOC111130432,1,2,-1
LOC111130449,2,1,1
LOC111130456,4,3,1
LOC111130469,7,6,1
LOC111130470,3,2,1
LOC111130476,3,1,2
LOC111130479,4,3,1
LOC111130484,5,2,3
LOC111130485,2,1,1
LOC111130487,13,9,4
LOC111130490,2,1,1
LOC111130494,0,1,-1
LOC111130498,7,3,4
LOC111130516,1,2,-1
LOC111130518,4,3,1
LOC111130522,2,1,1
LOC111130524,2,1,1
LOC111130560,6,4,2
LOC111130561,2,1,1
LOC111130565,3,2,1
LOC111130574,4,3,1
LOC111130577,2,1,1
LOC111130579,4,3,1
LOC111130580,2,1,1
LOC111130597,2,1,1
LOC111130609,0,1,-1
LOC111130616,0,1,-1
LOC111130623,0,1,-1
LOC111130639,2,1,1
LOC111130648,2,1,1
LOC111130651,4,2,2
LOC111130652,2,1,1
LOC111130655,2,1,1
LOC111130673,7,6,1
LOC111130676,3,5,-2
LOC111130678,4,2,2
LOC111130695,3,2,1
LOC111130700,3,4,-1
LOC111130704,9,7,2
LOC111130714,1,2,-1
LOC111130720,3,2,1
LOC111130739,4,3,1
LOC111130742,5,4,1
LOC111130758,1,2,-1
LOC111130762,6,5,1
LOC111130775,3,2,1
LOC111130781,2,1,1
LOC111130802,3,2,1
LOC111130813,1,0,1
LOC111130839,1,4,-3
LOC111130847,2,1,1
LOC111130856,2,1,1
LOC111130862,2,1,1
LOC111130866,1,2,-1
LOC111130869,3,2,1
LOC111130872,2,1,1
LOC111130874,5,4,1
LOC111130892,2,1,1
LOC111130895,2,3,-1
LOC111130915,2,1,1
LOC111130918,9,7,2
LOC111130930,1,2,-1
LOC111130940,4,2,2
LOC111130943,2,1,1
LOC111130951,7,6,1
LOC111130965,2,1,1
LOC111130972,1,2,-1
LOC111130978,2,1,1
LOC111131055,3,2,1
LOC111131058,2,1,1
LOC111131074,2,3,-1
LOC111131099,16,11,5
LOC111131104,2,1,1
LOC111131106,2,1,1
LOC111131110,2,1,1
LOC111131113,3,2,1
LOC111131114,2,1,1
LOC111131115,4,3,1
LOC111131121,3,2,1
LOC111131122,2,1,1
LOC111131133,2,1,1
LOC111131137,3,1,2
LOC111131147,14,10,4
LOC111131152,0,1,-1
LOC111131162,3,1,2
LOC111131167,3,2,1
LOC111131168,3,2,1
LOC111131180,2,1,1
LOC111131187,3,2,1
LOC111131190,3,2,1
LOC111131195,1,2,-1
LOC111131199,2,1,1
LOC111131201,1,2,-1
LOC111131204,2,1,1
LOC111131217,2,1,1
LOC111131232,10,8,2
LOC111131233,0,1,-1
LOC111131249,2,1,1
LOC111131263,3,2,1
LOC111131265,1,4,-3
LOC111131266,9,7,2
LOC111131279,2,3,-1
LOC111131294,3,1,2
LOC111131301,13,9,4
LOC111131305,2,1,1
LOC111131325,2,1,1
LOC111131344,8,7,1
LOC111131361,1,2,-1
LOC111131379,2,1,1
LOC111131381,3,2,1
LOC111131389,2,4,-2
LOC111131396,3,1,2
LOC111131409,2,1,1
LOC111131418,6,8,-2
LOC111131430,2,1,1
LOC111131434,2,1,1
LOC111131437,16,13,3
LOC111131447,5,3,2
LOC111131459,5,3,2
LOC111131466,2,4,-2
LOC111131488,8,4,4
LOC111131489,4,3,1
LOC111131490,4,1,3
LOC111131502,1,2,-1
LOC111131505,12,9,3
LOC111131516,1,2,-1
LOC111131547,1,3,-2
LOC111131559,2,1,1
LOC111131560,1,2,-1
LOC111131563,16,11,5
LOC111131568,1,3,-2
LOC111131591,3,2,1
LOC111131606,0,1,-1
LOC111131623,2,1,1
LOC111131631,2,3,-1
LOC111131663,4,3,1
LOC111131667,3,2,1
LOC111131689,0,1,-1
LOC111131690,3,2,1
LOC111131692,4,3,1
LOC111131702,2,3,-1
LOC111131718,4,3,1
LOC111131727,2,1,1
LOC111131745,2,1,1
LOC111131751,3,2,1
LOC111131755,2,1,1
LOC111131763,5,3,2
LOC111131765,3,5,-2
LOC111131766,2,1,1
LOC111131767,2,4,-2
LOC111131768,9,4,5
LOC111131769,4,2,2
LOC111131782,3,2,1
LOC111131789,2,1,1
LOC111131803,2,3,-1
LOC111131805,8,6,2
LOC111131813,4,2,2
LOC111131814,4,3,1
LOC111131823,1,2,-1
LOC111131832,1,2,-1
LOC111131834,2,1,1
LOC111131839,2,1,1
LOC111131843,5,4,1
LOC111131849,2,1,1
LOC111131860,2,1,1
LOC111131871,20,13,7
LOC111131872,5,3,2
LOC111131917,4,3,1
LOC111132029,3,2,1
LOC111132038,2,1,1
LOC111132045,3,1,2
LOC111132052,3,2,1
LOC111132057,6,5,1
LOC111132069,5,4,1
LOC111132084,2,1,1
LOC111132094,4,2,2
LOC111132097,7,5,2
LOC111132099,7,5,2
LOC111132100,3,1,2
LOC111132107,7,5,2
LOC111132115,2,4,-2
LOC111132119,2,1,1
LOC111132123,6,4,2
LOC111132128,5,1,4
LOC111132144,2,1,1
LOC111132147,8,6,2
LOC111132155,3,2,1
LOC111132158,4,3,1
LOC111132168,4,2,2
LOC111132172,4,1,3
LOC111132178,7,5,2
LOC111132188,5,2,3
LOC111132200,4,2,2
LOC111132201,2,1,1
LOC111132213,6,5,1
LOC111132214,4,2,2
LOC111132223,3,2,1
LOC111132236,0,1,-1
LOC111132269,3,1,2
LOC111132289,3,2,1
LOC111132296,2,1,1
LOC111132299,3,4,-1
LOC111132310,0,1,-1
LOC111132319,3,2,1
LOC111132349,2,1,1
LOC111132367,0,1,-1
LOC111132370,0,1,-1
LOC111132372,0,1,-1
LOC111132380,0,1,-1
LOC111132402,1,0,1
LOC111132403,0,1,-1
LOC111132405,0,1,-1
LOC111132409,6,3,3
LOC111132445,0,1,-1
LOC111132450,15,9,6
LOC111132455,0,1,-1
LOC111132477,0,1,-1
LOC111132478,0,1,-1
LOC111132493,4,3,1
LOC111132495,2,3,-1
LOC111132545,2,3,-1
LOC111132580,3,1,2
LOC111132591,0,1,-1
LOC111132606,0,1,-1
LOC111132619,0,1,-1
LOC111132628,0,1,-1
LOC111132640,0,1,-1
LOC111132642,0,1,-1
LOC111132648,1,2,-1
LOC111132659,0,1,-1
LOC111132661,0,1,-1
LOC111132663,2,1,1
LOC111132693,0,1,-1
LOC111132721,0,1,-1
LOC111132726,2,1,1
LOC111132735,0,1,-1
LOC111132765,0,1,-1
LOC111132770,0,1,-1
LOC111132787,6,4,2
LOC111132798,6,4,2
LOC111132801,3,2,1
LOC111132802,4,3,1
LOC111132803,2,1,1
LOC111132806,4,2,2
LOC111132812,1,3,-2
LOC111132831,2,1,1
LOC111132835,2,1,1
LOC111132846,1,2,-1
LOC111132847,2,1,1
LOC111132848,4,2,2
LOC111132849,0,1,-1
LOC111132856,6,3,3
LOC111132865,10,8,2
LOC111132879,8,7,1
LOC111132899,2,1,1
LOC111132911,3,2,1
LOC111132922,22,12,10
LOC111132924,10,6,4
LOC111132939,5,4,1
LOC111132946,1,2,-1
LOC111132962,5,4,1
LOC111132966,14,9,5
LOC111132982,3,2,1
LOC111132985,8,4,4
LOC111132988,4,1,3
LOC111132990,6,5,1
LOC111132992,2,1,1
LOC111132993,2,1,1
LOC111132994,1,2,-1
LOC111133009,5,2,3
LOC111133016,3,2,1
LOC111133017,3,2,1
LOC111133023,5,4,1
LOC111133039,2,1,1
LOC111133041,5,6,-1
LOC111133046,2,1,1
LOC111133047,4,2,2
LOC111133049,4,2,2
LOC111133062,7,6,1
LOC111133066,4,3,1
LOC111133069,2,1,1
LOC111133075,2,1,1
LOC111133084,10,9,1
LOC111133092,2,1,1
LOC111133102,1,2,-1
LOC111133103,2,1,1
LOC111133106,6,2,4
LOC111133109,2,1,1
LOC111133119,5,4,1
LOC111133122,2,1,1
LOC111133125,3,2,1
LOC111133134,2,1,1
LOC111133137,2,1,1
LOC111133139,4,3,1
LOC111133144,9,5,4
LOC111133146,4,3,1
LOC111133152,3,2,1
LOC111133162,2,1,1
LOC111133175,1,2,-1
LOC111133178,3,2,1
LOC111133184,2,3,-1
LOC111133185,1,2,-1
LOC111133186,2,1,1
LOC111133189,5,2,3
LOC111133196,2,1,1
LOC111133201,0,1,-1
LOC111133205,11,10,1
LOC111133209,4,3,1
LOC111133216,2,1,1
LOC111133218,3,5,-2
LOC111133219,8,3,5
LOC111133239,5,4,1
LOC111133242,4,3,1
LOC111133261,3,2,1
LOC111133277,2,1,1
LOC111133278,3,4,-1
LOC111133279,2,1,1
LOC111133280,3,4,-1
LOC111133281,10,7,3
LOC111133282,5,7,-2
LOC111133301,4,3,1
LOC111133314,0,1,-1
LOC111133321,0,1,-1
LOC111133327,28,13,15
LOC111133328,3,2,1
LOC111133335,3,1,2
LOC111133340,2,1,1
LOC111133341,4,1,3
LOC111133344,3,2,1
LOC111133348,3,2,1
LOC111133350,10,7,3
LOC111133355,2,1,1
LOC111133356,2,1,1
LOC111133360,1,2,-1
LOC111133364,2,1,1
LOC111133377,2,1,1
LOC111133379,8,6,2
LOC111133381,6,4,2
LOC111133389,5,4,1
LOC111133390,3,4,-1
LOC111133392,2,4,-2
LOC111133393,2,1,1
LOC111133394,3,2,1
LOC111133398,11,10,1
LOC111133399,10,5,5
LOC111133401,4,1,3
LOC111133402,0,1,-1
LOC111133403,13,11,2
LOC111133410,0,1,-1
LOC111133422,3,1,2
LOC111133441,2,4,-2
LOC111133443,5,4,1
LOC111133454,0,1,-1
LOC111133461,1,2,-1
LOC111133469,3,2,1
LOC111133477,6,3,3
LOC111133485,5,4,1
LOC111133490,2,1,1
LOC111133494,1,2,-1
LOC111133506,7,2,5
LOC111133511,2,1,1
LOC111133512,0,1,-1
LOC111133517,1,2,-1
LOC111133521,6,5,1
LOC111133525,2,1,1
LOC111133526,2,3,-1
LOC111133527,2,1,1
LOC111133537,2,1,1
LOC111133547,2,1,1
LOC111133551,1,2,-1
LOC111133563,5,3,2
LOC111133572,5,3,2
LOC111133574,4,2,2
LOC111133575,3,1,2
LOC111133576,3,1,2
LOC111133577,3,2,1
LOC111133578,3,2,1
LOC111133579,2,3,-1
LOC111133580,2,1,1
LOC111133585,2,1,1
LOC111133586,2,1,1
LOC111133600,4,3,1
LOC111133606,6,4,2
LOC111133618,4,3,1
LOC111133629,4,2,2
LOC111133638,1,0,1
LOC111133643,2,1,1
LOC111133646,3,2,1
LOC111133648,2,1,1
LOC111133649,2,1,1
LOC111133650,1,0,1
LOC111133651,9,6,3
LOC111133653,3,1,2
LOC111133666,28,5,23
LOC111133668,2,1,1
LOC111133681,4,5,-1
LOC111133683,2,1,1
LOC111133687,7,6,1
LOC111133691,1,2,-1
LOC111133692,5,3,2
LOC111133730,2,1,1
LOC111133736,4,3,1
LOC111133737,5,4,1
LOC111133741,5,4,1
LOC111133742,3,2,1
LOC111133743,0,1,-1
LOC111133746,0,1,-1
LOC111133754,3,2,1
LOC111133761,2,1,1
LOC111133770,1,2,-1
LOC111133774,4,2,2
LOC111133779,10,4,6
LOC111133787,2,1,1
LOC111133792,2,1,1
LOC111133795,2,1,1
LOC111133799,1,3,-2
LOC111133801,3,1,2
LOC111133803,3,2,1
LOC111133810,2,1,1
LOC111133822,4,3,1
LOC111133825,1,2,-1
LOC111133828,2,3,-1
LOC111133829,1,2,-1
LOC111133830,0,1,-1
LOC111133833,3,2,1
LOC111133837,2,1,1
LOC111133840,2,1,1
LOC111133844,2,1,1
LOC111133855,2,1,1
LOC111133866,0,1,-1
LOC111133867,2,1,1
LOC111133875,2,1,1
LOC111133878,2,1,1
LOC111133883,2,0,2
LOC111133891,10,4,6
LOC111133895,3,4,-1
LOC111133898,3,1,2
LOC111133901,3,1,2
LOC111133916,2,1,1
LOC111133922,3,4,-1
LOC111133929,1,2,-1
LOC111133934,4,3,1
LOC111133948,2,1,1
LOC111133952,0,1,-1
LOC111133963,2,1,1
LOC111133964,3,2,1
LOC111133968,1,0,1
LOC111133975,0,1,-1
LOC111133991,0,1,-1
LOC111133995,8,9,-1
LOC111133998,2,1,1
LOC111134000,8,4,4
LOC111134003,1,2,-1
LOC111134015,2,3,-1
LOC111134016,0,1,-1
LOC111134030,2,4,-2
LOC111134042,6,3,3
LOC111134043,7,3,4
LOC111134044,1,2,-1
LOC111134046,3,2,1
LOC111134059,8,6,2
LOC111134076,5,4,1
LOC111134088,3,2,1
LOC111134089,9,7,2
LOC111134093,6,4,2
LOC111134100,1,2,-1
LOC111134109,3,2,1
LOC111134110,2,1,1
LOC111134112,4,2,2
LOC111134136,2,1,1
LOC111134139,4,3,1
LOC111134142,1,2,-1
LOC111134145,4,3,1
LOC111134156,1,2,-1
LOC111134168,1,2,-1
LOC111134173,0,1,-1
LOC111134194,0,1,-1
LOC111134197,0,1,-1
LOC111134200,4,3,1
LOC111134201,3,2,1
LOC111134203,3,2,1
LOC111134216,2,1,1
LOC111134218,3,4,-1
LOC111134221,1,2,-1
LOC111134225,1,2,-1
LOC111134227,2,3,-1
LOC111134229,2,3,-1
LOC111134237,5,4,1
LOC111134239,5,7,-2
LOC111134240,1,2,-1
LOC111134243,5,4,1
LOC111134251,1,0,1
LOC111134255,2,1,1
LOC111134256,6,2,4
LOC111134258,3,2,1
LOC111134261,2,1,1
LOC111134262,1,2,-1
LOC111134263,4,3,1
LOC111134265,5,4,1
LOC111134272,1,2,-1
LOC111134279,2,1,1
LOC111134284,0,1,-1
LOC111134309,3,1,2
LOC111134311,5,3,2
LOC111134313,5,4,1
LOC111134319,4,2,2
LOC111134324,6,8,-2
LOC111134328,6,4,2
LOC111134348,2,1,1
LOC111134358,3,2,1
LOC111134365,2,1,1
LOC111134367,6,3,3
LOC111134383,0,1,-1
LOC111134385,0,1,-1
LOC111134394,8,6,2
LOC111134398,3,2,1
LOC111134415,0,1,-1
LOC111134417,10,6,4
LOC111134423,12,11,1
LOC111134433,1,2,-1
LOC111134437,2,1,1
LOC111134444,4,3,1
LOC111134445,4,3,1
LOC111134448,0,1,-1
LOC111134461,1,0,1
LOC111134464,4,5,-1
LOC111134465,6,2,4
LOC111134469,2,1,1
LOC111134473,8,7,1
LOC111134482,3,2,1
LOC111134488,2,1,1
LOC111134489,3,1,2
LOC111134490,2,1,1
LOC111134491,1,2,-1
LOC111134493,2,1,1
LOC111134494,2,1,1
LOC111134495,0,1,-1
LOC111134498,1,2,-1
LOC111134503,2,1,1
LOC111134508,9,6,3
LOC111134509,6,5,1
LOC111134511,2,1,1
LOC111134518,2,1,1
LOC111134520,6,5,1
LOC111134530,2,1,1
LOC111134534,4,1,3
LOC111134556,1,0,1
LOC111134564,2,1,1
LOC111134568,4,3,1
LOC111134570,2,1,1
LOC111134572,13,5,8
LOC111134577,4,3,1
LOC111134581,0,1,-1
LOC111134586,1,0,1
LOC111134589,1,2,-1
LOC111134595,3,2,1
LOC111134609,4,3,1
LOC111134611,3,2,1
LOC111134614,3,2,1
LOC111134620,2,3,-1
LOC111134623,3,2,1
LOC111134624,3,2,1
LOC111134627,0,1,-1
LOC111134631,1,0,1
LOC111134632,4,5,-1
LOC111134633,16,15,1
LOC111134634,5,4,1
LOC111134644,2,3,-1
LOC111134651,11,5,6
LOC111134668,2,1,1
LOC111134670,3,2,1
LOC111134674,2,1,1
LOC111134678,4,6,-2
LOC111134681,2,1,1
LOC111134686,6,5,1
LOC111134693,2,1,1
LOC111134694,5,3,2
LOC111134696,4,3,1
LOC111134698,2,3,-1
LOC111134702,8,9,-1
LOC111134703,2,1,1
LOC111134710,2,1,1
LOC111134711,4,1,3
LOC111134715,3,2,1
LOC111134724,5,3,2
LOC111134725,6,4,2
LOC111134727,1,2,-1
LOC111134729,2,1,1
LOC111134737,11,10,1
LOC111134739,4,2,2
LOC111134744,2,1,1
LOC111134766,3,2,1
LOC111134772,9,16,-7
LOC111134775,3,5,-2
LOC111134785,2,1,1
LOC111134787,1,2,-1
LOC111134790,8,11,-3
LOC111134792,4,3,1
LOC111134793,2,3,-1
LOC111134794,5,3,2
LOC111134800,3,2,1
LOC111134801,2,1,1
LOC111134802,1,2,-1
LOC111134804,5,4,1
LOC111134809,1,2,-1
LOC111134813,2,1,1
LOC111134821,4,3,1
LOC111134825,10,7,3
LOC111134828,5,4,1
LOC111134832,0,1,-1
LOC111134837,2,3,-1
LOC111134839,2,1,1
LOC111134843,10,9,1
LOC111134855,6,7,-1
LOC111134857,3,1,2
LOC111134861,2,3,-1
LOC111134862,3,2,1
LOC111134869,4,2,2
LOC111134872,6,4,2
LOC111134876,6,4,2
LOC111134883,1,0,1
LOC111134886,14,13,1
LOC111134887,6,4,2
LOC111134897,2,1,1
LOC111134909,2,1,1
LOC111134915,1,0,1
LOC111134917,1,0,1
LOC111134924,1,0,1
LOC111134926,2,1,1
LOC111134927,3,2,1
LOC111134928,13,7,6
LOC111134935,6,5,1
LOC111134936,2,1,1
LOC111134944,2,3,-1
LOC111134950,6,3,3
LOC111134952,2,1,1
LOC111134958,2,1,1
LOC111134964,1,2,-1
LOC111134967,3,2,1
LOC111134973,2,3,-1
LOC111134985,0,1,-1
LOC111134986,1,2,-1
LOC111134988,2,1,1
LOC111134993,5,3,2
LOC111134996,5,3,2
LOC111135000,1,2,-1
LOC111135002,11,7,4
LOC111135010,3,2,1
LOC111135020,1,2,-1
LOC111135021,3,2,1
LOC111135029,6,5,1
LOC111135030,1,2,-1
LOC111135045,2,1,1
LOC111135048,3,1,2
LOC111135049,2,1,1
LOC111135059,2,1,1
LOC111135074,3,4,-1
LOC111135083,10,8,2
LOC111135091,2,1,1
LOC111135097,3,1,2
LOC111135102,1,2,-1
LOC111135110,2,1,1
LOC111135120,3,1,2
LOC111135122,2,1,1
LOC111135125,5,2,3
LOC111135127,3,2,1
LOC111135128,2,1,1
LOC111135129,1,2,-1
LOC111135135,15,12,3
LOC111135136,3,4,-1
LOC111135152,5,3,2
LOC111135171,26,12,14
LOC111135174,3,2,1
LOC111135181,3,2,1
LOC111135196,4,3,1
LOC111135209,8,6,2
LOC111135216,4,3,1
LOC111135226,4,2,2
LOC111135240,4,3,1
LOC111135241,3,1,2
LOC111135247,6,2,4
LOC111135252,6,4,2
LOC111135253,7,6,1
LOC111135255,4,3,1
LOC111135259,2,1,1
LOC111135266,3,2,1
LOC111135267,3,2,1
LOC111135269,0,1,-1
LOC111135270,1,2,-1
LOC111135275,4,3,1
LOC111135278,3,5,-2
LOC111135292,2,1,1
LOC111135299,6,3,3
LOC111135302,2,1,1
LOC111135307,5,4,1
LOC111135308,2,1,1
LOC111135313,3,2,1
LOC111135314,2,1,1
LOC111135317,2,1,1
LOC111135318,3,1,2
LOC111135322,1,2,-1
LOC111135323,3,2,1
LOC111135339,3,2,1
LOC111135347,3,2,1
LOC111135350,7,5,2
LOC111135355,3,2,1
LOC111135359,5,4,1
LOC111135363,11,10,1
LOC111135366,2,1,1
LOC111135368,2,1,1
LOC111135371,7,8,-1
LOC111135376,3,4,-1
LOC111135393,2,1,1
LOC111135404,6,5,1
LOC111135409,4,3,1
LOC111135414,2,1,1
LOC111135416,2,1,1
LOC111135418,5,4,1
LOC111135423,5,2,3
LOC111135426,3,2,1
LOC111135433,5,3,2
LOC111135435,1,4,-3
LOC111135437,4,3,1
LOC111135443,5,3,2
LOC111135451,3,2,1
LOC111135463,8,3,5
LOC111135477,8,6,2
LOC111135478,4,3,1
LOC111135481,0,1,-1
LOC111135483,0,1,-1
LOC111135488,2,3,-1
LOC111135494,2,1,1
LOC111135497,6,4,2
LOC111135505,2,1,1
LOC111135510,3,2,1
LOC111135535,1,0,1
LOC111135541,8,7,1
LOC111135553,3,2,1
LOC111135559,7,4,3
LOC111135562,2,1,1
LOC111135568,3,2,1
LOC111135569,9,4,5
LOC111135571,5,4,1
LOC111135576,2,1,1
LOC111135578,5,2,3
LOC111135579,2,1,1
LOC111135588,7,4,3
LOC111135599,2,1,1
LOC111135603,2,1,1
LOC111135617,2,1,1
LOC111135631,2,1,1
LOC111135633,3,2,1
LOC111135634,8,6,2
LOC111135637,7,5,2
LOC111135642,11,9,2
LOC111135647,1,3,-2
LOC111135654,3,2,1
LOC111135656,2,1,1
LOC111135666,1,3,-2
LOC111135670,3,1,2
LOC111135673,1,2,-1
LOC111135676,3,2,1
LOC111135677,2,3,-1
LOC111135689,3,4,-1
LOC111135701,2,1,1
LOC111135710,2,1,1
LOC111135721,6,5,1
LOC111135727,5,4,1
LOC111135736,5,3,2
LOC111135746,2,1,1
LOC111135768,7,2,5
LOC111135772,2,1,1
LOC111135783,9,7,2
LOC111135786,2,1,1
LOC111135789,6,5,1
LOC111135790,7,4,3
LOC111135792,6,5,1
LOC111135812,6,5,1
LOC111135822,2,1,1
LOC111135824,5,4,1
LOC111135825,8,6,2
LOC111135839,1,2,-1
LOC111135841,5,2,3
LOC111135845,7,4,3
LOC111135846,3,2,1
LOC111135852,5,4,1
LOC111135855,0,1,-1
LOC111135858,4,3,1
LOC111135873,2,1,1
LOC111135875,2,1,1
LOC111135878,6,4,2
LOC111135888,3,2,1
LOC111135890,9,8,1
LOC111135901,5,4,1
LOC111135902,2,3,-1
LOC111135904,5,3,2
LOC111135911,19,11,8
LOC111135921,4,3,1
LOC111135925,3,2,1
LOC111135928,1,2,-1
LOC111135935,2,1,1
LOC111135947,4,2,2
LOC111135955,3,2,1
LOC111135959,6,5,1
LOC111135966,6,5,1
LOC111135967,5,6,-1
LOC111135972,4,1,3
LOC111135976,3,4,-1
LOC111135978,2,1,1
LOC111135980,5,3,2
LOC111135982,6,4,2
LOC111135994,3,2,1
LOC111135995,3,2,1
LOC111136001,4,3,1
LOC111136003,2,3,-1
LOC111136017,13,10,3
LOC111136020,3,2,1
LOC111136023,2,1,1
LOC111136025,2,1,1
LOC111136026,1,2,-1
LOC111136034,4,3,1
LOC111136052,4,3,1
LOC111136064,4,1,3
LOC111136071,2,1,1
LOC111136078,5,4,1
LOC111136082,3,2,1
LOC111136093,4,3,1
LOC111136106,10,9,1
LOC111136107,3,1,2
LOC111136109,9,7,2
LOC111136121,2,1,1
LOC111136123,2,1,1
LOC111136125,2,1,1
LOC111136129,2,1,1
LOC111136148,6,4,2
LOC111136153,4,3,1
LOC111136182,1,0,1
LOC111136183,4,2,2
LOC111136189,9,6,3
LOC111136194,0,1,-1
LOC111136200,5,2,3
LOC111136202,5,3,2
LOC111136206,1,3,-2
LOC111136207,3,2,1
LOC111136210,4,3,1
LOC111136219,9,7,2
LOC111136221,5,3,2
LOC111136229,5,4,1
LOC111136235,3,1,2
LOC111136257,1,2,-1
LOC111136258,8,7,1
LOC111136261,13,10,3
LOC111136264,1,2,-1
LOC111136267,1,2,-1
LOC111136282,3,2,1
LOC111136292,2,1,1
LOC111136299,4,3,1
LOC111136307,2,1,1
LOC111136323,2,1,1
LOC111136326,3,2,1
LOC111136340,16,6,10
LOC111136344,2,1,1
LOC111136348,3,2,1
LOC111136355,1,2,-1
LOC111136381,1,2,-1
LOC111136382,15,5,10
LOC111136393,2,1,1
LOC111136398,5,3,2
LOC111136403,4,2,2
LOC111136407,5,4,1
LOC111136410,7,2,5
LOC111136414,3,2,1
LOC111136422,3,5,-2
LOC111136449,4,3,1
LOC111136459,2,3,-1
LOC111136485,2,1,1
LOC111136486,2,1,1
LOC111136494,3,2,1
LOC111136495,3,2,1
LOC111136503,5,4,1
LOC111136510,2,1,1
LOC111136511,9,8,1
LOC111136519,2,1,1
LOC111136524,8,6,2
LOC111136529,1,2,-1
LOC111136547,2,1,1
LOC111136548,12,11,1
LOC111136552,3,2,1
LOC111136556,2,1,1
LOC111136562,3,2,1
LOC111136566,2,1,1
LOC111136588,5,4,1
LOC111136589,5,3,2
LOC111136591,17,9,8
LOC111136595,3,2,1
LOC111136609,4,6,-2
LOC111136616,3,4,-1
LOC111136636,3,2,1
LOC111136641,6,4,2
LOC111136649,10,7,3
LOC111136650,2,1,1
LOC111136654,2,1,1
LOC111136663,3,2,1
LOC111136669,10,6,4
LOC111136683,4,3,1
LOC111136689,1,2,-1
LOC111136691,10,7,3
LOC111136692,2,1,1
LOC111136727,3,2,1
LOC111136728,2,1,1
LOC111136735,4,1,3
LOC111136748,3,2,1
LOC111136760,4,3,1
LOC111136779,3,2,1
LOC111136800,6,5,1
LOC111136801,3,1,2
LOC111136803,2,1,1
LOC111136807,3,1,2
LOC111136853,1,2,-1
LOC111136867,3,2,1
LOC111136875,2,1,1
LOC111136891,10,9,1
LOC111136892,5,6,-1
LOC111136903,6,5,1
LOC111136915,3,2,1
LOC111136918,3,2,1
LOC111136924,4,3,1
LOC111136930,1,2,-1
LOC111136942,1,0,1
LOC111136960,4,5,-1
LOC111136962,4,2,2
LOC111136972,2,1,1
LOC111136974,2,1,1
LOC111136981,4,3,1
LOC111136986,11,10,1
LOC111136991,2,1,1
LOC111136993,1,2,-1
LOC111136994,2,3,-1
LOC111137000,7,4,3
LOC111137022,4,2,2
LOC111137023,2,1,1
LOC111137059,7,5,2
LOC111137065,3,2,1
LOC111137075,2,1,1
LOC111137093,3,1,2
LOC111137094,7,5,2
LOC111137103,7,5,2
LOC111137110,3,4,-1
LOC111137112,23,10,13
LOC111137117,1,2,-1
LOC111137126,3,2,1
LOC111137127,5,3,2
LOC111137130,2,4,-2
LOC111137136,3,1,2
LOC111137156,1,2,-1
LOC111137166,3,2,1
LOC111137175,2,1,1
LOC111137176,2,3,-1
LOC111137182,16,6,10
LOC111137190,3,2,1
LOC111137194,3,1,2
LOC111137198,2,1,1
LOC111137211,0,1,-1
LOC111137214,9,3,6
LOC111137230,0,2,-2
LOC111137231,0,1,-1
LOC111137232,2,1,1
LOC111137234,1,2,-1
LOC111137238,2,1,1
LOC111137248,3,2,1
LOC111137249,3,2,1
LOC111137262,3,4,-1
LOC111137270,8,6,2
LOC111137279,5,6,-1
LOC111137280,2,1,1
LOC111137285,1,2,-1
LOC111137292,1,2,-1
LOC111137296,4,3,1
LOC111137308,5,4,1
LOC111137312,1,2,-1
LOC111137335,3,1,2
LOC111137345,3,2,1
LOC111137349,2,1,1
LOC111137351,3,1,2
LOC111137352,2,1,1
LOC111137368,3,2,1
LOC111137380,3,1,2
LOC111137395,2,1,1
LOC111137408,0,1,-1
LOC111137413,3,4,-1
LOC111137419,1,2,-1
LOC111137435,1,2,-1
LOC111137437,6,3,3
LOC111137439,3,2,1
LOC111137464,3,2,1
LOC111137471,2,1,1
LOC111137490,1,3,-2
LOC111137491,2,1,1
LOC111137498,1,2,-1
LOC111137522,7,5,2
LOC111137551,2,1,1
LOC111137554,3,4,-1
LOC111137557,2,3,-1
LOC111137572,2,1,1
LOC111137575,4,3,1
LOC111137583,3,1,2
LOC111137586,0,1,-1
LOC111137587,1,2,-1
LOC111137589,4,3,1
LOC111137593,1,2,-1
LOC111137602,5,2,3
LOC111137603,2,1,1
LOC111137618,3,1,2
LOC111137631,5,4,1
LOC111137633,2,1,1
LOC111137635,3,2,1
LOC111137639,6,4,2
LOC111137640,6,5,1
LOC111137655,3,2,1
LOC111137658,3,2,1
LOC111137659,5,4,1
LOC111137666,2,1,1
LOC111137667,3,2,1
LOC111137671,3,1,2
LOC111137675,8,9,-1
LOC111137676,4,3,1
LOC111137677,5,3,2
LOC111137695,5,4,1
LOC111137702,5,3,2
LOC111137704,2,1,1
LOC111137709,1,2,-1
LOC111137714,4,3,1
LOC111137727,14,8,6
LOC111137731,1,2,-1
LOC111137732,0,1,-1
LOC111137743,2,1,1
LOC111137744,2,1,1
LOC111137747,3,1,2
LOC111137753,1,2,-1
LOC111137757,3,2,1
LOC111137769,4,3,1
LOC111137784,2,1,1
LOC111137795,2,1,1
LOC111137804,3,2,1
LOC111137806,3,2,1
LOC111137817,2,1,1
LOC111137819,1,2,-1
LOC111137821,4,3,1
LOC111137825,17,9,8
LOC111137826,2,1,1
LOC111137828,2,1,1
LOC111137832,3,2,1
LOC111137842,1,2,-1
LOC111137855,1,2,-1
LOC111137891,2,3,-1
LOC111137895,2,1,1
LOC111137908,2,1,1
LOC111137933,4,5,-1
LOC111137934,2,1,1
LOC111137937,2,1,1
LOC111137938,2,1,1
LOC111137946,2,1,1
LOC111137947,11,6,5
LOC111137960,5,4,1
LOC111137978,0,1,-1
LOC111137979,2,1,1
LOC111137987,3,2,1
LOC111137992,2,1,1
LOC111137998,2,1,1
LOC111138006,4,3,1
LOC111138020,2,1,1
LOC111138028,8,7,1
LOC111138031,9,3,6
LOC111138032,6,4,2
LOC111138041,4,1,3
LOC111138062,1,2,-1
LOC111138065,5,4,1
LOC111138069,3,4,-1
LOC111138078,2,1,1
LOC111138080,2,1,1
LOC111138104,3,1,2
LOC111138112,7,5,2
LOC111138117,3,2,1
LOC111138124,6,5,1
LOC111138125,8,6,2
LOC111138129,5,2,3
LOC111138145,3,2,1
LOC111138149,1,2,-1
LOC111138150,0,1,-1
LOC111138158,2,1,1
LOC111138165,3,1,2
LOC111138167,3,2,1
LOC111138168,3,2,1
LOC111138175,2,3,-1
LOC111138185,6,4,2
LOC111138186,2,1,1
LOC111138211,1,2,-1
LOC111138213,3,2,1
LOC111138237,6,3,3
LOC111138240,0,1,-1
LOC111138248,1,2,-1
LOC111138251,3,2,1
LOC111138253,3,1,2
LOC111138262,2,1,1
LOC111138264,4,3,1
LOC111138293,3,2,1
LOC111138294,0,1,-1
LOC111138299,1,2,-1
LOC111138314,21,12,9
LOC111138319,9,6,3
LOC111138324,2,3,-1
LOC111138341,4,3,1
LOC111138346,2,1,1
LOC111138353,0,1,-1
LOC111138373,1,2,-1
LOC111138376,1,2,-1
LOC111138386,1,2,-1
LOC111138400,3,2,1
LOC111138403,5,4,1
LOC111138409,2,1,1
LOC111138410,3,2,1
LOC111138420,2,1,1
LOC111138425,4,2,2
LOC111138431,2,1,1
LOC111138432,6,4,2
LOC111138434,3,1,2
LOC111138441,4,3,1
LOC111138443,6,4,2
LOC111138456,2,1,1
LOC111138459,2,1,1
LOC111138462,6,4,2
LOC111138466,4,3,1
LOC111138468,3,5,-2
LOC111138472,3,2,1
LOC111138482,3,2,1
LOC111138483,5,3,2
LOC111138491,4,3,1
LOC111138492,2,1,1
LOC111138493,5,4,1
LOC111138504,2,1,1
Trnaa-agc,11,16,-5
Trnaa-ugc,21,28,-7
Trnac-gca,8,9,-1
Trnad-guc,15,14,1
Trnae-cuc,15,13,2
Trnag-gcc,20,21,-1
Trnai-aau,18,17,1
Trnai-uau,2,4,-2
Trnak-cuu,25,27,-2
Trnak-uuu,27,30,-3
Trnal-caa,1,3,-2
Trnam-cau,16,24,-8
Trnap-agg,9,10,-1
Trnap-ugg,11,12,-1
Trnar-acg,7,10,-3
Trnar-ccu,23,28,-5
Trnar-ucu,7,9,-2
Trnat-agu,27,31,-4
Trnat-ggu,20,24,-4
Trnav-aac,6,9,-3
Trnaw-cca,9,8,1
Trnay-gua,4,5,-1
