gene_name,controls_max_transcript_counts,exposed_max_transcript_counts,difference
LOC111099040,18,17,1
LOC111099043,2,1,1
LOC111099070,4,5,-1
LOC111099076,1,2,-1
LOC111099084,2,1,1
LOC111099086,1,0,1
LOC111099125,5,4,1
LOC111099133,2,4,-2
LOC111099135,4,3,1
LOC111099181,1,2,-1
LOC111099194,19,15,4
LOC111099196,5,6,-1
LOC111099206,4,2,2
LOC111099222,6,4,2
LOC111099430,1,2,-1
LOC111099435,0,1,-1
LOC111099438,1,3,-2
LOC111099452,0,1,-1
LOC111099456,0,1,-1
LOC111099463,1,2,-1
LOC111099486,0,2,-2
LOC111099488,0,1,-1
LOC111099501,0,1,-1
LOC111099518,4,3,1
LOC111099537,2,1,1
LOC111099542,2,1,1
LOC111099546,0,1,-1
LOC111099549,2,3,-1
LOC111099550,1,2,-1
LOC111099569,1,2,-1
LOC111099575,4,3,1
LOC111099579,4,3,1
LOC111099583,1,2,-1
LOC111099587,5,4,1
LOC111099592,4,3,1
LOC111099600,2,3,-1
LOC111099603,13,10,3
LOC111099636,1,0,1
LOC111099662,2,1,1
LOC111099663,5,3,2
LOC111099667,0,1,-1
LOC111099673,3,4,-1
LOC111099678,2,3,-1
LOC111099692,11,10,1
LOC111099709,3,2,1
LOC111099719,1,0,1
LOC111099721,6,4,2
LOC111099726,0,1,-1
LOC111099730,1,0,1
LOC111099747,4,5,-1
LOC111099759,1,0,1
LOC111099767,0,3,-3
LOC111099771,7,5,2
LOC111099781,4,5,-1
LOC111099804,3,2,1
LOC111099817,1,0,1
LOC111099830,4,3,1
LOC111099840,0,1,-1
LOC111099841,1,2,-1
LOC111099849,4,6,-2
LOC111099852,0,2,-2
LOC111099870,13,12,1
LOC111099886,5,6,-1
LOC111099894,1,2,-1
LOC111099895,2,3,-1
LOC111099896,1,2,-1
LOC111099899,4,3,1
LOC111099903,1,2,-1
LOC111099905,0,4,-4
LOC111099911,3,4,-1
LOC111099920,5,4,1
LOC111099927,2,1,1
LOC111099930,1,0,1
LOC111099944,3,2,1
LOC111099951,0,1,-1
LOC111099955,2,1,1
LOC111099956,4,3,1
LOC111099965,2,4,-2
LOC111099967,3,2,1
LOC111099987,2,4,-2
LOC111099989,1,2,-1
LOC111099993,2,1,1
LOC111099995,8,7,1
LOC111100005,1,2,-1
LOC111100009,1,0,1
LOC111100014,2,1,1
LOC111100018,1,2,-1
LOC111100026,3,8,-5
LOC111100030,3,1,2
LOC111100050,1,2,-1
LOC111100053,0,1,-1
LOC111100064,5,2,3
LOC111100070,1,2,-1
LOC111100094,2,1,1
LOC111100100,3,2,1
LOC111100117,4,5,-1
LOC111100118,5,4,1
LOC111100126,0,1,-1
LOC111100133,1,2,-1
LOC111100143,7,6,1
LOC111100144,2,3,-1
LOC111100147,3,2,1
LOC111100152,1,2,-1
LOC111100169,1,4,-3
LOC111100182,1,2,-1
LOC111100196,3,4,-1
LOC111100207,2,3,-1
LOC111100219,4,5,-1
LOC111100225,1,2,-1
LOC111100242,3,2,1
LOC111100254,3,2,1
LOC111100277,8,7,1
LOC111100278,9,7,2
LOC111100288,5,4,1
LOC111100292,2,3,-1
LOC111100293,5,4,1
LOC111100294,7,4,3
LOC111100296,1,3,-2
LOC111100299,3,2,1
LOC111100304,2,4,-2
LOC111100310,0,1,-1
LOC111100316,5,4,1
LOC111100324,2,1,1
LOC111100330,4,5,-1
LOC111100331,1,3,-2
LOC111100334,2,1,1
LOC111100336,6,7,-1
LOC111100338,0,1,-1
LOC111100344,5,4,1
LOC111100358,1,0,1
LOC111100375,9,7,2
LOC111100379,3,2,1
LOC111100389,5,8,-3
LOC111100390,3,4,-1
LOC111100392,14,13,1
LOC111100402,3,4,-1
LOC111100404,2,1,1
LOC111100406,8,9,-1
LOC111100408,7,5,2
LOC111100414,1,2,-1
LOC111100420,2,3,-1
LOC111100426,8,7,1
LOC111100441,6,4,2
LOC111100444,7,9,-2
LOC111100466,9,8,1
LOC111100472,1,2,-1
LOC111100474,1,0,1
LOC111100487,2,1,1
LOC111100523,9,10,-1
LOC111100543,1,2,-1
LOC111100551,2,1,1
LOC111100567,2,1,1
LOC111100568,8,7,1
LOC111100571,4,2,2
LOC111100577,9,7,2
LOC111100623,5,3,2
LOC111100634,4,2,2
LOC111100635,3,2,1
LOC111100642,2,3,-1
LOC111100787,1,0,1
LOC111100792,11,9,2
LOC111100801,4,3,1
LOC111100815,5,4,1
LOC111100824,1,2,-1
LOC111100827,1,2,-1
LOC111100838,4,5,-1
LOC111100839,2,1,1
LOC111100840,2,5,-3
LOC111100854,1,2,-1
LOC111100858,6,7,-1
LOC111100872,4,3,1
LOC111100875,3,4,-1
LOC111100876,1,2,-1
LOC111100879,2,1,1
LOC111100894,3,5,-2
LOC111100899,3,1,2
LOC111100907,3,1,2
LOC111100913,1,2,-1
LOC111100914,3,2,1
LOC111100945,2,3,-1
LOC111100970,0,1,-1
LOC111100977,3,2,1
LOC111100984,4,5,-1
LOC111100989,8,9,-1
LOC111100993,4,3,1
LOC111101001,3,2,1
LOC111101018,2,3,-1
LOC111101028,4,3,1
LOC111101031,3,2,1
LOC111101033,6,4,2
LOC111101042,2,1,1
LOC111101050,7,8,-1
LOC111101078,3,2,1
LOC111101080,4,3,1
LOC111101099,2,1,1
LOC111101105,1,2,-1
LOC111101106,0,1,-1
LOC111101116,2,3,-1
LOC111101134,4,3,1
LOC111101138,5,4,1
LOC111101151,2,1,1
LOC111101159,1,2,-1
LOC111101163,5,7,-2
LOC111101166,4,5,-1
LOC111101175,3,2,1
LOC111101180,1,2,-1
LOC111101190,4,3,1
LOC111101206,3,5,-2
LOC111101224,2,1,1
LOC111101225,1,3,-2
LOC111101229,3,2,1
LOC111101241,2,1,1
LOC111101255,1,2,-1
LOC111101258,5,4,1
LOC111101272,2,1,1
LOC111101276,2,3,-1
LOC111101277,1,2,-1
LOC111101298,1,2,-1
LOC111101301,0,4,-4
LOC111101304,1,2,-1
LOC111101311,1,0,1
LOC111101312,1,0,1
LOC111101327,2,1,1
LOC111101353,6,4,2
LOC111101369,2,3,-1
LOC111101370,5,3,2
LOC111101393,2,3,-1
LOC111101398,1,0,1
LOC111101405,3,2,1
LOC111101412,4,6,-2
LOC111101438,1,2,-1
LOC111101448,6,4,2
LOC111101449,3,4,-1
LOC111101455,1,3,-2
LOC111101471,5,6,-1
LOC111101489,5,4,1
LOC111101494,1,0,1
LOC111101500,0,1,-1
LOC111101503,2,1,1
LOC111101543,1,2,-1
LOC111101544,1,2,-1
LOC111101545,1,2,-1
LOC111101547,2,1,1
LOC111101552,2,3,-1
LOC111101582,0,1,-1
LOC111101588,6,5,1
LOC111101601,3,2,1
LOC111101603,6,5,1
LOC111101608,4,3,1
LOC111101621,3,4,-1
LOC111101625,1,2,-1
LOC111101628,1,2,-1
LOC111101636,1,2,-1
LOC111101645,1,2,-1
LOC111101651,1,2,-1
LOC111101680,3,4,-1
LOC111101685,0,1,-1
LOC111101714,2,1,1
LOC111101717,1,2,-1
LOC111101727,1,2,-1
LOC111101738,1,0,1
LOC111101748,2,1,1
LOC111101750,1,3,-2
LOC111101754,1,3,-2
LOC111101781,2,1,1
LOC111101814,4,3,1
LOC111101815,1,2,-1
LOC111101820,4,3,1
LOC111101824,0,1,-1
LOC111101825,0,1,-1
LOC111101826,0,1,-1
LOC111101830,2,1,1
LOC111101850,4,3,1
LOC111101856,0,1,-1
LOC111101864,2,1,1
LOC111101871,6,5,1
LOC111101876,2,3,-1
LOC111101882,0,1,-1
LOC111101887,0,1,-1
LOC111101888,2,1,1
LOC111101894,3,2,1
LOC111101897,1,0,1
LOC111101946,2,3,-1
LOC111102020,2,4,-2
LOC111102077,0,1,-1
LOC111102129,0,1,-1
LOC111102184,2,1,1
LOC111102205,0,1,-1
LOC111102237,13,12,1
LOC111102246,0,1,-1
LOC111102250,2,1,1
LOC111102257,2,1,1
LOC111102261,0,1,-1
LOC111102281,0,1,-1
LOC111102283,3,4,-1
LOC111102285,1,2,-1
LOC111102286,0,1,-1
LOC111102310,1,2,-1
LOC111102339,3,2,1
LOC111102341,1,0,1
LOC111102342,2,3,-1
LOC111102348,1,2,-1
LOC111102366,2,3,-1
LOC111102388,2,3,-1
LOC111102389,1,2,-1
LOC111102397,0,2,-2
LOC111102418,0,1,-1
LOC111102421,1,0,1
LOC111102426,33,16,17
LOC111102432,4,3,1
LOC111102435,3,4,-1
LOC111102446,4,3,1
LOC111102449,2,1,1
LOC111102450,1,2,-1
LOC111102454,2,1,1
LOC111102481,0,1,-1
LOC111102485,4,5,-1
LOC111102495,11,9,2
LOC111102508,2,1,1
LOC111102514,3,2,1
LOC111102522,0,1,-1
LOC111102526,2,3,-1
LOC111102541,2,1,1
LOC111102571,5,3,2
LOC111102584,6,4,2
LOC111102587,1,3,-2
LOC111102597,1,2,-1
LOC111102610,3,4,-1
LOC111102618,0,1,-1
LOC111102627,2,1,1
LOC111102633,1,2,-1
LOC111102660,1,2,-1
LOC111102663,1,2,-1
LOC111102664,0,1,-1
LOC111102675,6,7,-1
LOC111102699,2,1,1
LOC111102717,2,3,-1
LOC111102726,1,0,1
LOC111102737,3,2,1
LOC111102787,1,2,-1
LOC111102793,1,0,1
LOC111102795,1,0,1
LOC111102801,5,4,1
LOC111102817,6,8,-2
LOC111102833,21,22,-1
LOC111102837,2,1,1
LOC111102839,4,3,1
LOC111102856,1,0,1
LOC111102865,3,2,1
LOC111102872,4,3,1
LOC111102878,5,4,1
LOC111102887,2,1,1
LOC111102888,1,2,-1
LOC111102899,1,2,-1
LOC111102902,2,1,1
LOC111102918,2,1,1
LOC111102923,1,3,-2
LOC111102933,1,2,-1
LOC111102936,1,2,-1
LOC111102960,5,3,2
LOC111102967,2,3,-1
LOC111102982,2,3,-1
LOC111102991,2,1,1
LOC111103003,3,4,-1
LOC111103018,3,4,-1
LOC111103019,5,4,1
LOC111103027,2,1,1
LOC111103028,1,2,-1
LOC111103055,2,1,1
LOC111103058,2,1,1
LOC111103085,0,1,-1
LOC111103095,5,6,-1
LOC111103099,1,2,-1
LOC111103111,0,1,-1
LOC111103112,1,2,-1
LOC111103157,4,5,-1
LOC111103169,3,2,1
LOC111103174,2,1,1
LOC111103175,3,2,1
LOC111103196,0,1,-1
LOC111103214,2,3,-1
LOC111103219,0,1,-1
LOC111103234,3,4,-1
LOC111103244,15,14,1
LOC111103253,3,2,1
LOC111103280,0,1,-1
LOC111103287,15,16,-1
LOC111103295,0,1,-1
LOC111103297,3,4,-1
LOC111103298,2,1,1
LOC111103300,0,1,-1
LOC111103323,6,5,1
LOC111103356,7,6,1
LOC111103368,1,0,1
LOC111103370,6,5,1
LOC111103375,9,7,2
LOC111103381,4,3,1
LOC111103393,9,7,2
LOC111103396,10,9,1
LOC111103401,3,2,1
LOC111103405,3,4,-1
LOC111103417,3,2,1
LOC111103433,0,1,-1
LOC111103441,5,6,-1
LOC111103443,5,6,-1
LOC111103458,0,1,-1
LOC111103462,0,1,-1
LOC111103465,5,4,1
LOC111103478,1,0,1
LOC111103482,4,3,1
LOC111103485,4,5,-1
LOC111103505,1,2,-1
LOC111103511,4,3,1
LOC111103517,6,5,1
LOC111103536,0,1,-1
LOC111103553,2,3,-1
LOC111103560,4,5,-1
LOC111103565,1,3,-2
LOC111103574,3,2,1
LOC111103578,3,2,1
LOC111103585,2,1,1
LOC111103589,4,6,-2
LOC111103631,1,3,-2
LOC111103635,3,4,-1
LOC111103646,7,6,1
LOC111103649,2,3,-1
LOC111103660,2,1,1
LOC111103677,1,2,-1
LOC111103680,4,3,1
LOC111103684,3,2,1
LOC111103700,5,4,1
LOC111103744,7,9,-2
LOC111103753,0,1,-1
LOC111103782,1,2,-1
LOC111103790,1,2,-1
LOC111103814,9,8,1
LOC111103819,6,5,1
LOC111103825,3,4,-1
LOC111103832,1,2,-1
LOC111103846,5,4,1
LOC111103847,4,5,-1
LOC111103860,2,1,1
LOC111103868,6,4,2
LOC111103877,4,3,1
LOC111103892,2,1,1
LOC111103896,5,6,-1
LOC111103901,7,9,-2
LOC111103929,1,2,-1
LOC111103930,6,7,-1
LOC111103949,1,2,-1
LOC111103965,4,5,-1
LOC111103967,4,5,-1
LOC111103982,2,3,-1
LOC111103994,5,4,1
LOC111104008,8,6,2
LOC111104041,1,2,-1
LOC111104042,2,1,1
LOC111104050,2,1,1
LOC111104053,2,3,-1
LOC111104055,4,5,-1
LOC111104061,3,4,-1
LOC111104072,1,2,-1
LOC111104078,1,2,-1
LOC111104108,2,3,-1
LOC111104112,7,8,-1
LOC111104116,3,4,-1
LOC111104124,3,5,-2
LOC111104159,3,4,-1
LOC111104190,13,10,3
LOC111104193,5,4,1
LOC111104223,3,2,1
LOC111104227,1,2,-1
LOC111104228,4,5,-1
LOC111104234,2,1,1
LOC111104238,1,2,-1
LOC111104249,2,3,-1
LOC111104255,0,1,-1
LOC111104269,9,11,-2
LOC111104281,1,2,-1
LOC111104304,0,2,-2
LOC111104311,3,2,1
LOC111104316,4,3,1
LOC111104321,2,1,1
LOC111104340,1,2,-1
LOC111104346,3,2,1
LOC111104349,5,4,1
LOC111104373,1,3,-2
LOC111104382,9,6,3
LOC111104401,10,9,1
LOC111104417,3,2,1
LOC111104431,3,4,-1
LOC111104432,9,8,1
LOC111104448,2,1,1
LOC111104452,2,1,1
LOC111104453,5,3,2
LOC111104485,1,2,-1
LOC111104491,1,2,-1
LOC111104497,4,3,1
LOC111104515,5,4,1
LOC111104526,5,4,1
LOC111104529,3,2,1
LOC111104540,3,2,1
LOC111104545,2,3,-1
LOC111104558,1,2,-1
LOC111104560,1,2,-1
LOC111104562,0,1,-1
LOC111104568,2,1,1
LOC111104598,3,1,2
LOC111104602,2,1,1
LOC111104629,25,23,2
LOC111104648,3,2,1
LOC111104662,2,1,1
LOC111104666,2,1,1
LOC111104674,1,3,-2
LOC111104689,4,5,-1
LOC111104704,1,2,-1
LOC111104709,3,2,1
LOC111104710,1,2,-1
LOC111104711,6,3,3
LOC111104727,0,1,-1
LOC111104731,0,1,-1
LOC111104733,0,1,-1
LOC111104737,2,1,1
LOC111104738,2,1,1
LOC111104739,0,2,-2
LOC111104744,2,1,1
LOC111104757,1,2,-1
LOC111104761,1,2,-1
LOC111104773,2,3,-1
LOC111104777,3,2,1
LOC111104786,2,1,1
LOC111104807,1,2,-1
LOC111104820,2,1,1
LOC111104823,2,1,1
LOC111104825,4,3,1
LOC111104834,5,4,1
LOC111104835,25,24,1
LOC111104839,3,4,-1
LOC111104840,2,4,-2
LOC111104841,2,3,-1
LOC111104855,0,1,-1
LOC111104859,1,2,-1
LOC111104885,0,1,-1
LOC111104902,1,2,-1
LOC111104923,1,0,1
LOC111104940,0,1,-1
LOC111104945,0,1,-1
LOC111104975,1,0,1
LOC111104999,1,0,1
LOC111105001,0,1,-1
LOC111105004,0,1,-1
LOC111105005,0,1,-1
LOC111105007,0,1,-1
LOC111105195,0,1,-1
LOC111105237,2,3,-1
LOC111105238,2,1,1
LOC111105249,3,2,1
LOC111105257,1,2,-1
LOC111105259,2,1,1
LOC111105273,5,4,1
LOC111105274,3,2,1
LOC111105276,3,4,-1
LOC111105285,1,2,-1
LOC111105290,0,1,-1
LOC111105304,5,2,3
LOC111105312,6,7,-1
LOC111105319,1,2,-1
LOC111105333,7,6,1
LOC111105366,15,17,-2
LOC111105376,3,4,-1
LOC111105378,2,1,1
LOC111105382,4,5,-1
LOC111105397,2,1,1
LOC111105404,3,1,2
LOC111105409,2,1,1
LOC111105420,1,2,-1
LOC111105431,0,1,-1
LOC111105471,2,3,-1
LOC111105478,2,3,-1
LOC111105479,1,2,-1
LOC111105480,9,3,6
LOC111105482,1,2,-1
LOC111105494,4,3,1
LOC111105511,3,4,-1
LOC111105547,2,1,1
LOC111105549,3,2,1
LOC111105552,2,4,-2
LOC111105591,2,3,-1
LOC111105593,2,1,1
LOC111105619,3,4,-1
LOC111105624,1,2,-1
LOC111105631,0,1,-1
LOC111105634,1,2,-1
LOC111105638,0,1,-1
LOC111105659,1,2,-1
LOC111105680,1,0,1
LOC111105684,6,5,1
LOC111105716,17,15,2
LOC111105726,0,1,-1
LOC111105775,2,1,1
LOC111105785,1,0,1
LOC111105795,3,2,1
LOC111105804,1,2,-1
LOC111105814,0,2,-2
LOC111105825,1,3,-2
LOC111105828,15,12,3
LOC111105830,1,2,-1
LOC111105847,4,5,-1
LOC111105852,2,3,-1
LOC111105874,0,1,-1
LOC111105882,3,4,-1
LOC111105887,0,1,-1
LOC111105891,1,2,-1
LOC111105903,1,2,-1
LOC111105920,4,3,1
LOC111105921,3,2,1
LOC111105922,1,2,-1
LOC111105923,3,4,-1
LOC111105950,2,1,1
LOC111105970,1,2,-1
LOC111105975,1,2,-1
LOC111105982,1,2,-1
LOC111105983,0,3,-3
LOC111105991,2,1,1
LOC111105993,0,1,-1
LOC111105996,0,1,-1
LOC111105998,0,1,-1
LOC111106008,1,2,-1
LOC111106009,1,2,-1
LOC111106038,2,1,1
LOC111106047,3,2,1
LOC111106057,1,2,-1
LOC111106078,1,3,-2
LOC111106112,2,1,1
LOC111106119,7,10,-3
LOC111106126,1,2,-1
LOC111106135,2,1,1
LOC111106139,4,3,1
LOC111106140,2,1,1
LOC111106154,3,2,1
LOC111106157,1,2,-1
LOC111106160,0,1,-1
LOC111106166,2,1,1
LOC111106179,3,2,1
LOC111106199,4,5,-1
LOC111106212,7,6,1
LOC111106214,3,1,2
LOC111106228,2,3,-1
LOC111106240,9,10,-1
LOC111106245,1,2,-1
LOC111106260,2,3,-1
LOC111106279,0,1,-1
LOC111106292,2,1,1
LOC111106299,4,5,-1
LOC111106302,0,2,-2
LOC111106309,2,1,1
LOC111106326,2,1,1
LOC111106336,3,4,-1
LOC111106349,2,1,1
LOC111106352,1,2,-1
LOC111106384,2,1,1
LOC111106420,3,2,1
LOC111106457,3,2,1
LOC111106465,6,5,1
LOC111106471,1,2,-1
LOC111106481,2,1,1
LOC111106502,1,2,-1
LOC111106508,4,5,-1
LOC111106535,1,2,-1
LOC111106556,1,2,-1
LOC111106572,1,0,1
LOC111106580,1,2,-1
LOC111106589,1,2,-1
LOC111106605,1,2,-1
LOC111106606,2,1,1
LOC111106614,1,2,-1
LOC111106618,1,2,-1
LOC111106630,2,3,-1
LOC111106637,3,2,1
LOC111106639,13,11,2
LOC111106650,3,2,1
LOC111106656,1,3,-2
LOC111106663,1,2,-1
LOC111106664,3,2,1
LOC111106666,2,1,1
LOC111106668,5,4,1
LOC111106671,2,1,1
LOC111106679,2,1,1
LOC111106698,2,3,-1
LOC111106706,2,3,-1
LOC111106711,3,2,1
LOC111106717,1,2,-1
LOC111106725,1,0,1
LOC111106726,2,1,1
LOC111106732,2,1,1
LOC111106749,2,3,-1
LOC111106758,1,0,1
LOC111106761,0,1,-1
LOC111106765,3,1,2
LOC111106768,3,2,1
LOC111106778,1,2,-1
LOC111106808,2,3,-1
LOC111106828,2,1,1
LOC111106830,14,11,3
LOC111106834,2,1,1
LOC111106843,1,0,1
LOC111106861,3,5,-2
LOC111106867,3,2,1
LOC111106874,5,3,2
LOC111106876,2,1,1
LOC111106889,1,2,-1
LOC111106890,2,1,1
LOC111106917,2,1,1
LOC111106940,2,1,1
LOC111106944,3,4,-1
LOC111106946,1,2,-1
LOC111106967,3,2,1
LOC111106974,1,2,-1
LOC111106980,16,13,3
LOC111106989,3,1,2
LOC111107018,3,2,1
LOC111107025,2,3,-1
LOC111107058,6,5,1
LOC111107094,2,4,-2
LOC111107097,3,4,-1
LOC111107104,8,7,1
LOC111107138,12,8,4
LOC111107143,1,2,-1
LOC111107144,3,5,-2
LOC111107147,0,1,-1
LOC111107155,7,8,-1
LOC111107177,4,3,1
LOC111107185,3,6,-3
LOC111107193,2,1,1
LOC111107204,14,9,5
LOC111107224,4,5,-1
LOC111107241,1,2,-1
LOC111107253,2,3,-1
LOC111107267,1,0,1
LOC111107271,2,3,-1
LOC111107278,10,9,1
LOC111107284,4,3,1
LOC111107287,1,2,-1
LOC111107314,0,1,-1
LOC111107325,3,4,-1
LOC111107328,16,9,7
LOC111107364,4,5,-1
LOC111107386,0,1,-1
LOC111107417,0,1,-1
LOC111107424,1,2,-1
LOC111107523,1,2,-1
LOC111107549,3,4,-1
LOC111107551,2,3,-1
LOC111107555,2,3,-1
LOC111107556,1,2,-1
LOC111107576,3,2,1
LOC111107620,4,3,1
LOC111107667,3,2,1
LOC111107669,5,3,2
LOC111107672,3,4,-1
LOC111107678,3,2,1
LOC111107682,3,2,1
LOC111107739,4,5,-1
LOC111107745,0,1,-1
LOC111107748,1,2,-1
LOC111107778,0,1,-1
LOC111107791,1,0,1
LOC111107808,1,2,-1
LOC111107823,2,3,-1
LOC111107824,2,1,1
LOC111107827,7,6,1
LOC111107835,3,1,2
LOC111107837,1,2,-1
LOC111107864,0,1,-1
LOC111107918,1,0,1
LOC111107933,12,14,-2
LOC111107935,2,3,-1
LOC111107938,2,3,-1
LOC111107947,2,3,-1
LOC111107949,2,3,-1
LOC111107955,4,5,-1
LOC111107974,2,1,1
LOC111107978,1,2,-1
LOC111107985,2,3,-1
LOC111108034,0,1,-1
LOC111108035,0,1,-1
LOC111108036,0,1,-1
LOC111108043,2,3,-1
LOC111108045,1,2,-1
LOC111108046,3,4,-1
LOC111108048,1,2,-1
LOC111108054,1,2,-1
LOC111108060,4,5,-1
LOC111108061,5,6,-1
LOC111108063,4,3,1
LOC111108086,24,22,2
LOC111108092,2,4,-2
LOC111108097,0,1,-1
LOC111108120,4,5,-1
LOC111108121,2,4,-2
LOC111108124,14,15,-1
LOC111108148,3,4,-1
LOC111108167,8,9,-1
LOC111108169,2,3,-1
LOC111108194,1,2,-1
LOC111108212,17,1,16
LOC111108222,3,4,-1
LOC111108228,3,4,-1
LOC111108231,3,2,1
LOC111108240,2,1,1
LOC111108248,7,6,1
LOC111108267,1,2,-1
LOC111108304,3,2,1
LOC111108307,5,4,1
LOC111108361,5,6,-1
LOC111108403,5,3,2
LOC111108428,3,5,-2
LOC111108435,1,2,-1
LOC111108443,3,4,-1
LOC111108445,1,2,-1
LOC111108457,6,4,2
LOC111108459,4,3,1
LOC111108470,3,2,1
LOC111108471,3,2,1
LOC111108474,2,1,1
LOC111108482,1,2,-1
LOC111108495,4,3,1
LOC111108503,5,4,1
LOC111108507,1,2,-1
LOC111108530,1,2,-1
LOC111108536,2,1,1
LOC111108537,2,1,1
LOC111108560,3,4,-1
LOC111108604,3,2,1
LOC111108644,1,2,-1
LOC111108653,6,7,-1
LOC111108663,2,3,-1
LOC111108670,2,4,-2
LOC111108695,2,3,-1
LOC111108716,2,1,1
LOC111108749,3,2,1
LOC111108769,5,7,-2
LOC111108771,2,3,-1
LOC111108772,3,4,-1
LOC111108779,3,2,1
LOC111108782,2,3,-1
LOC111108787,1,2,-1
LOC111108830,1,0,1
LOC111108841,0,1,-1
LOC111108876,1,0,1
LOC111108884,0,1,-1
LOC111108931,3,2,1
LOC111108937,0,1,-1
LOC111109141,0,1,-1
LOC111109192,0,1,-1
LOC111109200,0,1,-1
LOC111109202,0,1,-1
LOC111109203,0,1,-1
LOC111109263,2,1,1
LOC111109312,0,1,-1
LOC111109317,0,1,-1
LOC111109401,2,1,1
LOC111109402,2,3,-1
LOC111109404,5,6,-1
LOC111109414,4,5,-1
LOC111109417,1,2,-1
LOC111109456,2,4,-2
LOC111109465,8,6,2
LOC111109473,3,2,1
LOC111109474,2,1,1
LOC111109484,9,6,3
LOC111109489,2,3,-1
LOC111109495,5,4,1
LOC111109497,1,2,-1
LOC111109523,4,1,3
LOC111109550,1,3,-2
LOC111109561,3,4,-1
LOC111109585,2,3,-1
LOC111109588,2,1,1
LOC111109611,3,4,-1
LOC111109630,3,2,1
LOC111109641,2,3,-1
LOC111109655,5,6,-1
LOC111109671,3,2,1
LOC111109693,3,4,-1
LOC111109695,0,1,-1
LOC111109711,1,2,-1
LOC111109723,2,1,1
LOC111109724,0,1,-1
LOC111109727,1,2,-1
LOC111109728,0,1,-1
LOC111109749,2,3,-1
LOC111109752,2,1,1
LOC111109821,1,2,-1
LOC111109829,1,2,-1
LOC111109831,3,2,1
LOC111109833,2,1,1
LOC111109852,5,2,3
LOC111109855,1,2,-1
LOC111109868,3,2,1
LOC111109879,3,2,1
LOC111109885,5,6,-1
LOC111109910,1,2,-1
LOC111109914,2,1,1
LOC111109916,4,2,2
LOC111109925,2,1,1
LOC111109940,2,1,1
LOC111109963,1,2,-1
LOC111109974,1,2,-1
LOC111109991,2,3,-1
LOC111110017,2,3,-1
LOC111110018,2,1,1
LOC111110028,10,9,1
LOC111110043,2,1,1
LOC111110073,4,3,1
LOC111110074,0,1,-1
LOC111110094,2,1,1
LOC111110106,1,2,-1
LOC111110130,2,1,1
LOC111110134,0,1,-1
LOC111110142,4,5,-1
LOC111110143,1,2,-1
LOC111110148,4,5,-1
LOC111110171,1,2,-1
LOC111110186,0,1,-1
LOC111110196,2,1,1
LOC111110199,3,4,-1
LOC111110223,1,2,-1
LOC111110228,2,1,1
LOC111110239,3,2,1
LOC111110244,8,7,1
LOC111110249,2,1,1
LOC111110250,4,5,-1
LOC111110262,2,1,1
LOC111110296,6,5,1
LOC111110316,4,5,-1
LOC111110318,1,2,-1
LOC111110319,2,1,1
LOC111110324,1,2,-1
LOC111110325,0,1,-1
LOC111110349,0,2,-2
LOC111110352,5,4,1
LOC111110367,1,2,-1
LOC111110396,1,2,-1
LOC111110400,0,1,-1
LOC111110476,6,5,1
LOC111110477,1,3,-2
LOC111110481,1,0,1
LOC111110509,3,2,1
LOC111110526,6,5,1
LOC111110538,1,2,-1
LOC111110540,3,4,-1
LOC111110545,5,4,1
LOC111110556,1,2,-1
LOC111110570,1,0,1
LOC111110585,1,2,-1
LOC111110609,4,2,2
LOC111110622,2,1,1
LOC111110633,2,3,-1
LOC111110640,2,3,-1
LOC111110642,4,5,-1
LOC111110650,1,0,1
LOC111110659,2,3,-1
LOC111110671,4,5,-1
LOC111110674,2,1,1
LOC111110680,0,1,-1
LOC111110708,2,1,1
LOC111110715,1,2,-1
LOC111110716,3,1,2
LOC111110744,2,3,-1
LOC111110748,6,8,-2
LOC111110752,2,1,1
LOC111110756,3,4,-1
LOC111110782,3,2,1
LOC111110803,0,1,-1
LOC111110813,1,2,-1
LOC111110814,3,2,1
LOC111110817,1,3,-2
LOC111110820,3,4,-1
LOC111110840,1,2,-1
LOC111110845,1,2,-1
LOC111110858,1,0,1
LOC111110863,7,4,3
LOC111110867,7,6,1
LOC111110875,1,2,-1
LOC111110876,1,2,-1
LOC111110881,2,3,-1
LOC111110883,1,2,-1
LOC111110890,4,5,-1
LOC111110905,3,2,1
LOC111110910,2,5,-3
LOC111110934,0,1,-1
LOC111110957,3,2,1
LOC111110965,6,5,1
LOC111110975,5,4,1
LOC111110997,14,16,-2
LOC111110999,2,1,1
LOC111111003,3,2,1
LOC111111017,3,2,1
LOC111111023,2,1,1
LOC111111028,2,3,-1
LOC111111050,11,10,1
LOC111111058,9,8,1
LOC111111067,0,1,-1
LOC111111079,2,1,1
LOC111111097,0,2,-2
LOC111111099,4,2,2
LOC111111101,2,1,1
LOC111111131,3,2,1
LOC111111132,2,3,-1
LOC111111134,1,2,-1
LOC111111138,0,1,-1
LOC111111140,1,0,1
LOC111111150,1,0,1
LOC111111156,4,5,-1
LOC111111161,1,2,-1
LOC111111178,0,1,-1
LOC111111182,3,4,-1
LOC111111224,2,3,-1
LOC111111228,1,2,-1
LOC111111241,2,0,2
LOC111111242,1,0,1
LOC111111248,3,2,1
LOC111111255,6,5,1
LOC111111289,3,4,-1
LOC111111343,4,2,2
LOC111111365,3,4,-1
LOC111111376,4,3,1
LOC111111392,17,20,-3
LOC111111403,2,3,-1
LOC111111409,2,1,1
LOC111111411,0,1,-1
LOC111111423,0,1,-1
LOC111111441,2,1,1
LOC111111447,1,0,1
LOC111111454,0,1,-1
LOC111111464,3,4,-1
LOC111111467,1,2,-1
LOC111111471,3,2,1
LOC111111487,18,16,2
LOC111111491,2,1,1
LOC111111494,1,2,-1
LOC111111507,0,1,-1
LOC111111531,2,1,1
LOC111111535,2,1,1
LOC111111542,2,4,-2
LOC111111553,3,2,1
LOC111111569,3,4,-1
LOC111111570,1,2,-1
LOC111111582,3,2,1
LOC111111589,2,3,-1
LOC111111599,8,6,2
LOC111111611,2,1,1
LOC111111620,1,2,-1
LOC111111624,4,3,1
LOC111111627,2,1,1
LOC111111635,0,1,-1
LOC111111640,1,2,-1
LOC111111646,10,8,2
LOC111111657,2,3,-1
LOC111111666,6,5,1
LOC111111671,1,2,-1
LOC111111673,1,2,-1
LOC111111690,3,2,1
LOC111111704,4,5,-1
LOC111111741,2,1,1
LOC111111743,1,0,1
LOC111111748,1,2,-1
LOC111111750,6,4,2
LOC111111766,3,1,2
LOC111111772,1,2,-1
LOC111111775,1,0,1
LOC111111776,1,2,-1
LOC111111779,2,1,1
LOC111111789,2,1,1
LOC111111803,0,1,-1
LOC111111818,3,4,-1
LOC111111823,1,2,-1
LOC111111855,8,9,-1
LOC111111864,1,2,-1
LOC111111871,4,3,1
LOC111111879,1,2,-1
LOC111111883,1,2,-1
LOC111111906,2,3,-1
LOC111111916,1,2,-1
LOC111111919,2,1,1
LOC111111930,5,3,2
LOC111111940,3,2,1
LOC111111946,5,3,2
LOC111111948,2,1,1
LOC111111950,2,1,1
LOC111111956,1,2,-1
LOC111111960,2,1,1
LOC111111967,1,0,1
LOC111111983,3,5,-2
LOC111111991,2,3,-1
LOC111112005,0,1,-1
LOC111112006,16,17,-1
LOC111112014,4,3,1
LOC111112022,1,2,-1
LOC111112028,10,8,2
LOC111112037,2,3,-1
LOC111112040,1,2,-1
LOC111112062,2,1,1
LOC111112063,2,1,1
LOC111112065,2,1,1
LOC111112074,1,2,-1
LOC111112080,2,3,-1
LOC111112082,5,6,-1
LOC111112086,2,3,-1
LOC111112092,1,2,-1
LOC111112093,4,2,2
LOC111112099,18,16,2
LOC111112100,3,2,1
LOC111112114,6,5,1
LOC111112121,1,2,-1
LOC111112131,12,11,1
LOC111112135,2,1,1
LOC111112166,1,2,-1
LOC111112168,4,3,1
LOC111112171,1,3,-2
LOC111112173,2,3,-1
LOC111112175,3,1,2
LOC111112198,2,1,1
LOC111112204,4,5,-1
LOC111112208,1,0,1
LOC111112214,4,5,-1
LOC111112227,3,4,-1
LOC111112230,0,1,-1
LOC111112251,2,3,-1
LOC111112264,0,1,-1
LOC111112266,3,4,-1
LOC111112268,1,2,-1
LOC111112272,2,1,1
LOC111112287,2,1,1
LOC111112335,1,0,1
LOC111112343,0,1,-1
LOC111112347,0,1,-1
LOC111112350,6,7,-1
LOC111112366,2,1,1
LOC111112373,1,0,1
LOC111112374,3,1,2
LOC111112375,1,3,-2
LOC111112379,0,1,-1
LOC111112396,1,2,-1
LOC111112397,1,2,-1
LOC111112400,6,5,1
LOC111112433,7,4,3
LOC111112452,3,4,-1
LOC111112470,0,1,-1
LOC111112501,3,2,1
LOC111112510,2,3,-1
LOC111112513,1,2,-1
LOC111112520,0,1,-1
LOC111112548,1,0,1
LOC111112565,2,1,1
LOC111112585,12,11,1
LOC111112588,14,17,-3
LOC111112603,5,4,1
LOC111112605,24,26,-2
LOC111112609,2,0,2
LOC111112612,3,5,-2
LOC111112614,4,2,2
LOC111112617,1,2,-1
LOC111112620,27,16,11
LOC111112626,0,1,-1
LOC111112629,9,7,2
LOC111112650,2,1,1
LOC111112655,11,10,1
LOC111112657,2,3,-1
LOC111112658,1,2,-1
LOC111112665,1,2,-1
LOC111112669,2,4,-2
LOC111112679,1,2,-1
LOC111112685,5,4,1
LOC111112687,2,1,1
LOC111112688,2,3,-1
LOC111112699,5,4,1
LOC111112702,0,1,-1
LOC111112719,1,2,-1
LOC111112720,9,10,-1
LOC111112740,2,1,1
LOC111112741,3,5,-2
LOC111112757,1,3,-2
LOC111112774,3,2,1
LOC111112775,2,1,1
LOC111112780,6,7,-1
LOC111112781,4,3,1
LOC111112790,3,2,1
LOC111112800,2,1,1
LOC111112803,6,4,2
LOC111112811,6,5,1
LOC111112816,1,2,-1
LOC111112827,2,1,1
LOC111112829,3,2,1
LOC111112838,0,1,-1
LOC111112840,1,0,1
LOC111112852,1,2,-1
LOC111112889,0,1,-1
LOC111112898,4,1,3
LOC111112902,3,1,2
LOC111112903,1,2,-1
LOC111112916,1,2,-1
LOC111112922,2,3,-1
LOC111112966,1,2,-1
LOC111112968,3,2,1
LOC111112970,3,2,1
LOC111113020,12,10,2
LOC111113024,1,2,-1
LOC111113027,1,2,-1
LOC111113042,7,6,1
LOC111113048,2,1,1
LOC111113053,2,3,-1
LOC111113062,5,1,4
LOC111113078,0,1,-1
LOC111113082,1,2,-1
LOC111113083,1,0,1
LOC111113084,3,2,1
LOC111113088,0,2,-2
LOC111113090,4,5,-1
LOC111113097,0,1,-1
LOC111113099,2,1,1
LOC111113109,3,1,2
LOC111113124,4,6,-2
LOC111113125,5,4,1
LOC111113129,9,7,2
LOC111113154,0,1,-1
LOC111113157,7,8,-1
LOC111113159,3,4,-1
LOC111113163,11,10,1
LOC111113166,2,3,-1
LOC111113170,1,2,-1
LOC111113174,4,3,1
LOC111113175,14,13,1
LOC111113184,1,2,-1
LOC111113188,3,4,-1
LOC111113192,1,2,-1
LOC111113198,2,3,-1
LOC111113208,5,8,-3
LOC111113231,1,2,-1
LOC111113274,7,4,3
LOC111113281,1,2,-1
LOC111113294,1,2,-1
LOC111113300,1,3,-2
LOC111113309,6,5,1
LOC111113316,5,3,2
LOC111113327,2,3,-1
LOC111113342,3,2,1
LOC111113345,2,4,-2
LOC111113352,5,6,-1
LOC111113355,10,9,1
LOC111113358,6,3,3
LOC111113363,3,4,-1
LOC111113377,1,2,-1
LOC111113416,5,4,1
LOC111113447,3,4,-1
LOC111113449,1,2,-1
LOC111113459,1,0,1
LOC111113463,1,0,1
LOC111113464,1,0,1
LOC111113465,1,0,1
LOC111113519,1,0,1
LOC111113520,1,0,1
LOC111113524,3,4,-1
LOC111113554,5,4,1
LOC111113592,2,1,1
LOC111113620,0,1,-1
LOC111113638,0,1,-1
LOC111113642,1,0,1
LOC111113643,0,1,-1
LOC111113655,1,0,1
LOC111113665,1,0,1
LOC111113670,0,1,-1
LOC111113689,0,1,-1
LOC111113694,1,0,1
LOC111113719,0,1,-1
LOC111113804,0,1,-1
LOC111113810,1,0,1
LOC111113858,0,1,-1
LOC111113876,0,1,-1
LOC111113886,0,1,-1
LOC111113938,0,1,-1
LOC111114177,1,0,1
LOC111114185,0,1,-1
LOC111114190,0,1,-1
LOC111114283,7,4,3
LOC111114346,4,3,1
LOC111114359,0,1,-1
LOC111114454,1,2,-1
LOC111114459,6,4,2
LOC111114467,2,1,1
LOC111114475,4,3,1
LOC111114486,3,2,1
LOC111114488,4,5,-1
LOC111114492,2,3,-1
LOC111114495,4,3,1
LOC111114510,2,1,1
LOC111114512,1,0,1
LOC111114521,1,2,-1
LOC111114549,2,1,1
LOC111114581,2,1,1
LOC111114603,2,1,1
LOC111114614,1,2,-1
LOC111114644,4,6,-2
LOC111114650,4,3,1
LOC111114666,1,2,-1
LOC111114685,1,2,-1
LOC111114705,2,3,-1
LOC111114709,1,2,-1
LOC111114715,3,4,-1
LOC111114721,3,4,-1
LOC111114722,2,1,1
LOC111114724,3,2,1
LOC111114726,1,0,1
LOC111114740,1,2,-1
LOC111114747,4,3,1
LOC111114755,2,3,-1
LOC111114771,5,6,-1
LOC111114791,1,2,-1
LOC111114793,1,2,-1
LOC111114802,2,1,1
LOC111114803,2,3,-1
LOC111114807,9,13,-4
LOC111114816,2,3,-1
LOC111114820,4,5,-1
LOC111114825,6,3,3
LOC111114827,2,1,1
LOC111114836,3,4,-1
LOC111114842,4,5,-1
LOC111114844,2,1,1
LOC111114863,2,1,1
LOC111114864,3,2,1
LOC111114865,4,3,1
LOC111114887,5,4,1
LOC111114896,3,2,1
LOC111114900,6,7,-1
LOC111114901,7,8,-1
LOC111114910,3,4,-1
LOC111114933,1,2,-1
LOC111114936,2,3,-1
LOC111114947,6,5,1
LOC111114952,3,1,2
LOC111114954,2,3,-1
LOC111114958,1,2,-1
LOC111114959,1,2,-1
LOC111114972,3,2,1
LOC111114979,3,4,-1
LOC111114987,2,3,-1
LOC111114997,1,2,-1
LOC111115000,1,2,-1
LOC111115004,0,1,-1
LOC111115006,3,2,1
LOC111115010,1,2,-1
LOC111115011,2,1,1
LOC111115023,0,1,-1
LOC111115028,0,1,-1
LOC111115029,0,1,-1
LOC111115081,1,0,1
LOC111115083,1,0,1
LOC111115084,4,3,1
LOC111115090,1,2,-1
LOC111115092,4,5,-1
LOC111115118,2,1,1
LOC111115120,1,3,-2
LOC111115123,9,8,1
LOC111115128,2,1,1
LOC111115129,3,2,1
LOC111115146,2,3,-1
LOC111115151,2,1,1
LOC111115176,2,3,-1
LOC111115187,2,0,2
LOC111115199,1,2,-1
LOC111115206,1,2,-1
LOC111115238,1,2,-1
LOC111115259,3,4,-1
LOC111115260,3,2,1
LOC111115280,2,1,1
LOC111115287,1,2,-1
LOC111115295,1,2,-1
LOC111115298,1,2,-1
LOC111115305,1,2,-1
LOC111115306,5,4,1
LOC111115316,0,1,-1
LOC111115341,8,6,2
LOC111115342,8,7,1
LOC111115370,1,2,-1
LOC111115402,0,2,-2
LOC111115409,1,2,-1
LOC111115412,1,2,-1
LOC111115435,2,1,1
LOC111115471,3,2,1
LOC111115474,4,5,-1
LOC111115502,0,1,-1
LOC111115516,2,1,1
LOC111115530,2,1,1
LOC111115531,3,2,1
LOC111115533,1,2,-1
LOC111115540,4,3,1
LOC111115544,1,2,-1
LOC111115545,1,2,-1
LOC111115550,2,1,1
LOC111115581,3,4,-1
LOC111115585,1,2,-1
LOC111115591,1,2,-1
LOC111115599,3,2,1
LOC111115605,2,1,1
LOC111115612,17,13,4
LOC111115617,1,2,-1
LOC111115627,2,1,1
LOC111115632,2,1,1
LOC111115641,2,1,1
LOC111115650,1,2,-1
LOC111115656,1,3,-2
LOC111115663,2,0,2
LOC111115670,2,1,1
LOC111115675,4,3,1
LOC111115682,3,2,1
LOC111115704,1,2,-1
LOC111115717,2,1,1
LOC111115746,2,3,-1
LOC111115761,2,1,1
LOC111115788,2,1,1
LOC111115790,2,3,-1
LOC111115795,16,14,2
LOC111115805,0,1,-1
LOC111115815,1,2,-1
LOC111115834,3,1,2
LOC111115844,11,9,2
LOC111115851,3,2,1
LOC111115869,1,2,-1
LOC111115873,3,2,1
LOC111115882,2,3,-1
LOC111115896,8,9,-1
LOC111115902,1,0,1
LOC111115920,6,4,2
LOC111115933,0,1,-1
LOC111115938,2,3,-1
LOC111115940,2,1,1
LOC111115962,3,4,-1
LOC111115979,4,5,-1
LOC111115995,5,4,1
LOC111116003,0,4,-4
LOC111116017,2,4,-2
LOC111116037,2,3,-1
LOC111116053,3,0,3
LOC111116055,1,0,1
LOC111116056,3,2,1
LOC111116071,2,1,1
LOC111116088,5,3,2
LOC111116098,6,4,2
LOC111116100,1,2,-1
LOC111116103,2,1,1
LOC111116110,2,1,1
LOC111116125,2,1,1
LOC111116128,4,3,1
LOC111116156,3,4,-1
LOC111116218,2,1,1
LOC111116258,3,2,1
LOC111116561,0,1,-1
LOC111116565,0,1,-1
LOC111116622,3,2,1
LOC111116632,2,3,-1
LOC111116633,3,2,1
LOC111116665,3,4,-1
LOC111116693,1,2,-1
LOC111116696,1,2,-1
LOC111116730,2,3,-1
LOC111116747,3,6,-3
LOC111116752,6,3,3
LOC111116762,3,2,1
LOC111116769,3,4,-1
LOC111116787,3,4,-1
LOC111116790,3,2,1
LOC111116795,5,4,1
LOC111116798,1,0,1
LOC111116814,1,3,-2
LOC111116828,1,2,-1
LOC111116840,5,4,1
LOC111116844,1,2,-1
LOC111116845,2,4,-2
LOC111116864,3,1,2
LOC111116869,10,11,-1
LOC111116870,3,2,1
LOC111116874,2,1,1
LOC111116875,2,1,1
LOC111116888,2,1,1
LOC111116890,2,5,-3
LOC111116894,1,2,-1
LOC111116899,0,1,-1
LOC111116933,3,2,1
LOC111116942,3,1,2
LOC111116945,1,2,-1
LOC111116957,1,0,1
LOC111116972,1,2,-1
LOC111116994,4,3,1
LOC111117020,3,2,1
LOC111117027,1,2,-1
LOC111117029,1,2,-1
LOC111117030,1,2,-1
LOC111117035,1,2,-1
LOC111117040,5,4,1
LOC111117047,3,1,2
LOC111117048,1,2,-1
LOC111117051,1,2,-1
LOC111117062,3,2,1
LOC111117069,2,1,1
LOC111117080,0,1,-1
LOC111117104,1,2,-1
LOC111117113,2,1,1
LOC111117117,2,3,-1
LOC111117139,2,3,-1
LOC111117185,0,1,-1
LOC111117205,4,3,1
LOC111117207,5,4,1
LOC111117303,1,2,-1
LOC111117311,3,2,1
LOC111117316,2,1,1
LOC111117323,2,1,1
LOC111117330,11,10,1
LOC111117346,3,1,2
LOC111117363,2,3,-1
LOC111117369,2,4,-2
LOC111117395,2,1,1
LOC111117400,3,4,-1
LOC111117417,15,14,1
LOC111117454,3,2,1
LOC111117461,1,2,-1
LOC111117474,2,1,1
LOC111117475,5,6,-1
LOC111117481,2,1,1
LOC111117512,2,1,1
LOC111117517,1,2,-1
LOC111117533,9,8,1
LOC111117535,2,1,1
LOC111117538,1,2,-1
LOC111117570,4,3,1
LOC111117571,2,1,1
LOC111117668,2,1,1
LOC111117691,2,1,1
LOC111117699,1,2,-1
LOC111117700,1,2,-1
LOC111117707,1,2,-1
LOC111117728,1,2,-1
LOC111117735,9,6,3
LOC111117736,5,6,-1
LOC111117737,1,2,-1
LOC111117739,9,11,-2
LOC111117740,13,14,-1
LOC111117742,8,7,1
LOC111117749,4,3,1
LOC111117750,4,3,1
LOC111117755,7,6,1
LOC111117756,1,2,-1
LOC111117771,2,3,-1
LOC111117813,3,2,1
LOC111117839,0,1,-1
LOC111117878,2,1,1
LOC111117881,2,1,1
LOC111117884,0,1,-1
LOC111117902,3,2,1
LOC111117928,6,5,1
LOC111117930,2,1,1
LOC111117931,2,1,1
LOC111117968,4,5,-1
LOC111117980,1,2,-1
LOC111117992,2,3,-1
LOC111118022,2,1,1
LOC111118026,9,8,1
LOC111118032,2,1,1
LOC111118035,1,2,-1
LOC111118074,1,3,-2
LOC111118110,1,2,-1
LOC111118116,1,2,-1
LOC111118130,2,1,1
LOC111118132,1,2,-1
LOC111118172,1,2,-1
LOC111118203,2,3,-1
LOC111118234,3,4,-1
LOC111118239,10,9,1
LOC111118242,2,1,1
LOC111118257,8,7,1
LOC111118269,1,2,-1
LOC111118284,1,2,-1
LOC111118299,1,2,-1
LOC111118341,2,1,1
LOC111118407,15,16,-1
LOC111118424,3,4,-1
LOC111118445,2,1,1
LOC111118449,4,5,-1
LOC111118462,1,2,-1
LOC111118463,6,5,1
LOC111118516,1,2,-1
LOC111118558,12,9,3
LOC111118578,2,1,1
LOC111118580,1,2,-1
LOC111118614,3,2,1
LOC111118615,2,1,1
LOC111118622,2,3,-1
LOC111118654,7,8,-1
LOC111118672,3,2,1
LOC111118684,6,7,-1
LOC111118691,1,2,-1
LOC111118732,1,2,-1
LOC111118737,6,7,-1
LOC111118784,0,1,-1
LOC111118823,9,8,1
LOC111118842,1,2,-1
LOC111118843,23,21,2
LOC111118865,0,1,-1
LOC111118884,2,1,1
LOC111118906,4,5,-1
LOC111118925,3,4,-1
LOC111118929,0,1,-1
LOC111118936,1,2,-1
LOC111118992,13,12,1
LOC111119008,19,14,5
LOC111119012,5,3,2
LOC111119021,5,4,1
LOC111119030,4,3,1
LOC111119031,2,1,1
LOC111119124,11,10,1
LOC111119141,1,2,-1
LOC111119151,4,5,-1
LOC111119197,11,2,9
LOC111119220,5,6,-1
LOC111119226,8,7,1
LOC111119235,7,4,3
LOC111119255,8,9,-1
LOC111119267,4,5,-1
LOC111119273,1,2,-1
LOC111119286,2,3,-1
LOC111119297,11,9,2
LOC111119298,2,3,-1
LOC111119301,1,2,-1
LOC111119319,4,6,-2
LOC111119355,3,2,1
LOC111119356,2,1,1
LOC111119371,7,6,1
LOC111119376,5,6,-1
LOC111119387,2,1,1
LOC111119421,3,4,-1
LOC111119422,22,17,5
LOC111119423,1,0,1
LOC111119426,12,8,4
LOC111119467,2,3,-1
LOC111119502,2,1,1
LOC111119530,10,9,1
LOC111119532,7,8,-1
LOC111119562,5,4,1
LOC111119571,12,9,3
LOC111119574,7,11,-4
LOC111119580,2,1,1
LOC111119582,5,3,2
LOC111119607,6,4,2
LOC111119616,5,6,-1
LOC111119620,6,7,-1
LOC111119621,10,9,1
LOC111119630,9,8,1
LOC111119643,6,5,1
LOC111119681,4,3,1
LOC111119720,2,3,-1
LOC111119727,5,6,-1
LOC111119733,8,9,-1
LOC111119763,2,1,1
LOC111119783,2,1,1
LOC111119787,1,2,-1
LOC111119792,2,1,1
LOC111119793,1,3,-2
LOC111119794,3,2,1
LOC111119819,3,4,-1
LOC111119829,2,1,1
LOC111119839,2,1,1
LOC111119843,1,3,-2
LOC111119848,3,4,-1
LOC111119859,6,7,-1
LOC111119867,5,4,1
LOC111119872,3,2,1
LOC111119877,2,1,1
LOC111119925,3,2,1
LOC111119985,1,0,1
LOC111120008,4,3,1
LOC111120028,2,1,1
LOC111120045,3,2,1
LOC111120068,5,4,1
LOC111120077,3,4,-1
LOC111120106,3,2,1
LOC111120125,5,4,1
LOC111120179,3,4,-1
LOC111120198,1,0,1
LOC111120257,0,1,-1
LOC111120262,6,7,-1
LOC111120407,1,2,-1
LOC111120429,1,0,1
LOC111120458,2,1,1
LOC111120466,3,2,1
LOC111120467,2,3,-1
LOC111120479,4,3,1
LOC111120495,2,1,1
LOC111120510,3,4,-1
LOC111120548,2,1,1
LOC111120563,3,2,1
LOC111120593,8,9,-1
LOC111120594,6,5,1
LOC111120610,5,4,1
LOC111120642,3,2,1
LOC111120657,11,9,2
LOC111120683,2,1,1
LOC111120684,3,4,-1
LOC111120689,3,2,1
LOC111120727,3,2,1
LOC111120734,2,3,-1
LOC111120749,4,3,1
LOC111120759,13,9,4
LOC111120761,4,6,-2
LOC111120778,5,6,-1
LOC111120789,2,1,1
LOC111120802,1,2,-1
LOC111120805,5,4,1
LOC111120819,2,3,-1
LOC111120824,3,4,-1
LOC111120846,3,2,1
LOC111120857,1,2,-1
LOC111120874,8,7,1
LOC111120898,6,7,-1
LOC111120921,5,4,1
LOC111120967,6,5,1
LOC111120969,4,5,-1
LOC111121006,4,5,-1
LOC111121030,3,2,1
LOC111121068,7,6,1
LOC111121073,8,7,1
LOC111121075,1,2,-1
LOC111121103,2,3,-1
LOC111121184,20,16,4
LOC111121193,1,2,-1
LOC111121247,1,2,-1
LOC111121257,4,5,-1
LOC111121278,4,3,1
LOC111121298,2,3,-1
LOC111121313,11,12,-1
LOC111121325,1,2,-1
LOC111121331,2,1,1
LOC111121332,1,2,-1
LOC111121344,1,2,-1
LOC111121354,2,1,1
LOC111121377,1,3,-2
LOC111121405,7,6,1
LOC111121411,2,1,1
LOC111121412,3,1,2
LOC111121417,3,4,-1
LOC111121420,5,4,1
LOC111121445,2,0,2
LOC111121454,1,2,-1
LOC111121458,1,2,-1
LOC111121470,1,2,-1
LOC111121512,2,1,1
LOC111121523,4,5,-1
LOC111121537,2,3,-1
LOC111121562,2,3,-1
LOC111121565,3,4,-1
LOC111121571,1,2,-1
LOC111121580,4,3,1
LOC111121598,1,2,-1
LOC111121612,3,2,1
LOC111121634,2,1,1
LOC111121651,1,2,-1
LOC111121668,1,2,-1
LOC111121697,2,1,1
LOC111121700,1,2,-1
LOC111121733,7,6,1
LOC111121743,3,5,-2
LOC111121830,3,4,-1
LOC111121839,15,11,4
LOC111121853,5,3,2
LOC111121855,3,2,1
LOC111121880,2,3,-1
LOC111121882,2,3,-1
LOC111121901,4,3,1
LOC111121905,1,2,-1
LOC111121921,4,3,1
LOC111121995,2,1,1
LOC111122008,3,2,1
LOC111122047,5,4,1
LOC111122050,2,1,1
LOC111122063,2,3,-1
LOC111122071,2,3,-1
LOC111122072,6,5,1
LOC111122130,4,3,1
LOC111122132,2,1,1
LOC111122144,2,4,-2
LOC111122145,8,9,-1
LOC111122160,4,3,1
LOC111122189,1,2,-1
LOC111122205,4,3,1
LOC111122213,1,2,-1
LOC111122216,4,3,1
LOC111122241,2,3,-1
LOC111122242,1,2,-1
LOC111122284,1,2,-1
LOC111122285,1,2,-1
LOC111122296,6,5,1
LOC111122299,4,3,1
LOC111122301,2,3,-1
LOC111122302,1,2,-1
LOC111122304,2,1,1
LOC111122315,1,2,-1
LOC111122316,29,30,-1
LOC111122329,7,5,2
LOC111122336,3,2,1
LOC111122342,9,8,1
LOC111122350,7,6,1
LOC111122356,3,5,-2
LOC111122357,1,2,-1
LOC111122363,1,3,-2
LOC111122367,2,1,1
LOC111122368,6,11,-5
LOC111122377,5,4,1
LOC111122379,1,2,-1
LOC111122487,1,2,-1
LOC111122522,4,2,2
LOC111122540,5,7,-2
LOC111122541,2,1,1
LOC111122586,1,2,-1
LOC111122594,1,2,-1
LOC111122599,4,3,1
LOC111122608,1,2,-1
LOC111122621,2,3,-1
LOC111122670,2,1,1
LOC111122680,2,1,1
LOC111122684,2,3,-1
LOC111122706,5,3,2
LOC111122732,4,5,-1
LOC111122751,1,2,-1
LOC111122766,0,1,-1
LOC111122773,24,20,4
LOC111122775,1,2,-1
LOC111122781,2,1,1
LOC111122801,9,7,2
LOC111122803,4,3,1
LOC111122812,1,2,-1
LOC111122822,3,4,-1
LOC111122828,2,3,-1
LOC111122830,5,4,1
LOC111122831,1,2,-1
LOC111122852,7,8,-1
LOC111122855,2,3,-1
LOC111122895,5,4,1
LOC111122902,1,2,-1
LOC111122927,0,1,-1
LOC111122945,1,2,-1
LOC111122951,3,2,1
LOC111122954,1,2,-1
LOC111122959,2,1,1
LOC111122974,0,1,-1
LOC111122977,0,1,-1
LOC111122990,4,3,1
LOC111122998,8,7,1
LOC111123027,1,2,-1
LOC111123038,1,2,-1
LOC111123050,0,1,-1
LOC111123098,3,4,-1
LOC111123132,4,5,-1
LOC111123137,2,1,1
LOC111123177,3,2,1
LOC111123218,4,5,-1
LOC111123247,1,2,-1
LOC111123253,2,3,-1
LOC111123273,3,2,1
LOC111123294,3,4,-1
LOC111123324,3,1,2
LOC111123329,1,2,-1
LOC111123331,2,3,-1
LOC111123341,7,5,2
LOC111123353,2,1,1
LOC111123402,1,3,-2
LOC111123429,1,4,-3
LOC111123460,11,13,-2
LOC111123472,2,1,1
LOC111123480,3,2,1
LOC111123486,7,8,-1
LOC111123493,8,7,1
LOC111123501,4,1,3
LOC111123513,1,0,1
LOC111123549,1,2,-1
LOC111123550,7,3,4
LOC111123556,7,8,-1
LOC111123575,7,9,-2
LOC111123585,3,5,-2
LOC111123612,3,2,1
LOC111123618,1,2,-1
LOC111123627,2,1,1
LOC111123630,2,3,-1
LOC111123631,4,3,1
LOC111123647,1,2,-1
LOC111123661,4,5,-1
LOC111123667,2,1,1
LOC111123670,1,2,-1
LOC111123691,12,10,2
LOC111123692,5,6,-1
LOC111123731,6,2,4
LOC111123743,14,10,4
LOC111123755,3,1,2
LOC111123771,1,2,-1
LOC111123790,7,6,1
LOC111123798,2,1,1
LOC111123802,14,12,2
LOC111123832,1,2,-1
LOC111123888,2,3,-1
LOC111123890,27,26,1
LOC111123904,7,5,2
LOC111123910,15,17,-2
LOC111123926,4,2,2
LOC111123935,2,1,1
LOC111123938,6,4,2
LOC111123943,3,2,1
LOC111123946,1,2,-1
LOC111123956,2,1,1
LOC111123993,11,9,2
LOC111123995,3,4,-1
LOC111124002,9,8,1
LOC111124018,6,7,-1
LOC111124036,11,10,1
LOC111124130,0,1,-1
LOC111124466,16,20,-4
LOC111124469,4,3,1
LOC111124486,1,3,-2
LOC111124489,3,5,-2
LOC111124492,2,1,1
LOC111124493,17,8,9
LOC111124494,11,12,-1
LOC111124495,5,3,2
LOC111124502,4,5,-1
LOC111124528,3,4,-1
LOC111124554,9,11,-2
LOC111124602,0,3,-3
LOC111124618,3,4,-1
LOC111124621,5,4,1
LOC111124635,3,2,1
LOC111124641,6,7,-1
LOC111124642,19,13,6
LOC111124659,3,2,1
LOC111124662,6,5,1
LOC111124679,1,2,-1
LOC111124681,2,4,-2
LOC111124682,2,1,1
LOC111124686,1,2,-1
LOC111124719,9,6,3
LOC111124729,5,6,-1
LOC111124747,7,8,-1
LOC111124772,4,5,-1
LOC111124779,2,1,1
LOC111124789,2,1,1
LOC111124842,3,1,2
LOC111124845,3,2,1
LOC111124854,1,6,-5
LOC111124859,4,3,1
LOC111124864,3,2,1
LOC111124870,2,1,1
LOC111124871,2,3,-1
LOC111124893,4,5,-1
LOC111124909,4,5,-1
LOC111124917,4,3,1
LOC111124923,1,2,-1
LOC111124930,2,1,1
LOC111124933,3,2,1
LOC111124936,2,1,1
LOC111124938,6,7,-1
LOC111124944,15,16,-1
LOC111124952,3,4,-1
LOC111124962,4,5,-1
LOC111124974,2,1,1
LOC111124975,1,2,-1
LOC111124995,2,1,1
LOC111124999,6,5,1
LOC111125000,2,1,1
LOC111125001,2,3,-1
LOC111125004,6,4,2
LOC111125027,4,5,-1
LOC111125030,6,7,-1
LOC111125032,8,6,2
LOC111125043,6,7,-1
LOC111125086,3,2,1
LOC111125116,5,6,-1
LOC111125125,2,1,1
LOC111125143,2,3,-1
LOC111125151,3,4,-1
LOC111125153,3,2,1
LOC111125161,2,1,1
LOC111125181,2,1,1
LOC111125230,6,7,-1
LOC111125243,2,3,-1
LOC111125260,2,1,1
LOC111125268,3,2,1
LOC111125314,5,4,1
LOC111125317,2,3,-1
LOC111125320,21,20,1
LOC111125330,25,23,2
LOC111125336,4,6,-2
LOC111125338,3,7,-4
LOC111125346,0,1,-1
LOC111125347,7,5,2
LOC111125355,4,6,-2
LOC111125365,4,3,1
LOC111125371,0,1,-1
LOC111125378,2,1,1
LOC111125394,3,2,1
LOC111125395,4,3,1
LOC111125405,2,3,-1
LOC111125411,2,1,1
LOC111125432,2,1,1
LOC111125437,8,4,4
LOC111125441,4,5,-1
LOC111125443,5,6,-1
LOC111125451,2,1,1
LOC111125463,28,27,1
LOC111125464,1,2,-1
LOC111125488,4,6,-2
LOC111125490,4,3,1
LOC111125496,1,2,-1
LOC111125504,8,6,2
LOC111125514,2,3,-1
LOC111125530,1,2,-1
LOC111125538,4,5,-1
LOC111125544,6,5,1
LOC111125559,2,1,1
LOC111125569,1,2,-1
LOC111125570,5,6,-1
LOC111125577,7,6,1
LOC111125590,5,4,1
LOC111125634,6,7,-1
LOC111125640,2,1,1
LOC111125663,9,7,2
LOC111125677,3,4,-1
LOC111125678,2,1,1
LOC111125717,4,5,-1
LOC111125735,5,6,-1
LOC111125740,5,3,2
LOC111125764,15,12,3
LOC111125774,2,3,-1
LOC111125801,1,2,-1
LOC111125802,9,8,1
LOC111125833,13,12,1
LOC111125844,1,2,-1
LOC111125859,2,3,-1
LOC111125862,1,2,-1
LOC111125881,3,2,1
LOC111125885,5,6,-1
LOC111125897,4,5,-1
LOC111125905,5,6,-1
LOC111125906,10,9,1
LOC111125914,1,2,-1
LOC111125927,2,1,1
LOC111125935,2,1,1
LOC111125942,17,19,-2
LOC111125951,2,1,1
LOC111125978,2,3,-1
LOC111125994,2,4,-2
LOC111125999,7,8,-1
LOC111126007,6,7,-1
LOC111126044,0,1,-1
LOC111126094,2,1,1
LOC111126112,3,2,1
LOC111126144,1,2,-1
LOC111126161,8,9,-1
LOC111126169,3,2,1
LOC111126172,3,4,-1
LOC111126180,2,1,1
LOC111126215,2,3,-1
LOC111126221,1,2,-1
LOC111126223,4,3,1
LOC111126232,2,1,1
LOC111126252,4,5,-1
LOC111126293,3,2,1
LOC111126302,3,4,-1
LOC111126309,3,2,1
LOC111126352,14,10,4
LOC111126387,3,2,1
LOC111126399,3,4,-1
LOC111126402,5,6,-1
LOC111126430,1,2,-1
LOC111126443,2,3,-1
LOC111126452,1,2,-1
LOC111126455,13,14,-1
LOC111126457,5,4,1
LOC111126476,1,0,1
LOC111126478,2,3,-1
LOC111126514,3,1,2
LOC111126515,3,4,-1
LOC111126527,3,6,-3
LOC111126530,1,2,-1
LOC111126541,1,2,-1
LOC111126542,1,2,-1
LOC111126549,3,4,-1
LOC111126552,1,2,-1
LOC111126586,6,7,-1
LOC111126587,7,6,1
LOC111126592,1,2,-1
LOC111126624,6,5,1
LOC111126640,1,0,1
LOC111126649,2,1,1
LOC111126673,8,7,1
LOC111126691,2,1,1
LOC111126693,5,2,3
LOC111126713,1,2,-1
LOC111126715,3,4,-1
LOC111126734,2,1,1
LOC111126760,4,3,1
LOC111126761,6,4,2
LOC111126791,7,6,1
LOC111126805,4,7,-3
LOC111126810,11,12,-1
LOC111126828,16,14,2
LOC111126832,1,2,-1
LOC111126852,1,2,-1
LOC111126853,0,1,-1
LOC111126901,4,3,1
LOC111126914,4,3,1
LOC111126940,1,2,-1
LOC111126993,5,7,-2
LOC111126995,2,1,1
LOC111127043,5,2,3
LOC111127048,5,6,-1
LOC111127049,4,3,1
LOC111127079,4,3,1
LOC111127092,1,0,1
LOC111127097,3,2,1
LOC111127111,1,2,-1
LOC111127139,4,3,1
LOC111127141,0,1,-1
LOC111127145,4,3,1
LOC111127166,2,4,-2
LOC111127193,3,4,-1
LOC111127211,2,1,1
LOC111127212,2,1,1
LOC111127236,2,1,1
LOC111127307,0,1,-1
LOC111127310,6,3,3
LOC111127311,3,2,1
LOC111127316,3,2,1
LOC111127340,1,0,1
LOC111127343,5,6,-1
LOC111127351,7,8,-1
LOC111127377,1,2,-1
LOC111127378,1,2,-1
LOC111127379,1,2,-1
LOC111127408,1,2,-1
LOC111127413,3,2,1
LOC111127414,4,3,1
LOC111127487,6,4,2
LOC111127569,3,2,1
LOC111127570,2,1,1
LOC111127572,1,2,-1
LOC111127590,2,3,-1
LOC111127600,1,2,-1
LOC111127631,1,0,1
LOC111127640,1,2,-1
LOC111127642,4,5,-1
LOC111127733,2,1,1
LOC111127755,2,1,1
LOC111127764,2,1,1
LOC111127765,3,2,1
LOC111127808,3,2,1
LOC111127823,2,1,1
LOC111127826,3,4,-1
LOC111127846,4,5,-1
LOC111127862,6,5,1
LOC111127906,8,10,-2
LOC111127908,3,2,1
LOC111127975,7,6,1
LOC111127981,15,14,1
LOC111127992,3,2,1
LOC111128026,2,3,-1
LOC111128029,8,9,-1
LOC111128032,1,2,-1
LOC111128034,4,3,1
LOC111128040,5,4,1
LOC111128085,13,11,2
LOC111128093,7,4,3
LOC111128099,3,4,-1
LOC111128112,2,1,1
LOC111128150,5,3,2
LOC111128163,1,2,-1
LOC111128224,2,1,1
LOC111128242,3,2,1
LOC111128244,11,8,3
LOC111128257,0,1,-1
LOC111128261,0,1,-1
LOC111128281,3,2,1
LOC111128350,3,4,-1
LOC111128368,1,2,-1
LOC111128380,1,2,-1
LOC111128385,1,2,-1
LOC111128401,1,2,-1
LOC111128424,2,3,-1
LOC111128432,4,3,1
LOC111128437,3,2,1
LOC111128531,7,5,2
LOC111128533,8,7,1
LOC111128644,2,1,1
LOC111128647,1,2,-1
LOC111128656,4,3,1
LOC111128657,1,2,-1
LOC111128660,4,3,1
LOC111128668,1,2,-1
LOC111128698,9,7,2
LOC111128703,1,2,-1
LOC111128713,3,2,1
LOC111128721,7,6,1
LOC111128722,3,6,-3
LOC111128725,3,4,-1
LOC111128746,9,6,3
LOC111128761,3,2,1
LOC111128771,1,2,-1
LOC111128803,10,9,1
LOC111128814,2,1,1
LOC111128838,5,4,1
LOC111128871,11,9,2
LOC111128873,3,4,-1
LOC111128878,8,7,1
LOC111128883,18,16,2
LOC111128898,2,3,-1
LOC111128913,5,4,1
LOC111128914,2,1,1
LOC111128917,2,1,1
LOC111128933,8,7,1
LOC111128979,11,10,1
LOC111128990,5,4,1
LOC111129023,4,3,1
LOC111129033,1,2,-1
LOC111129041,2,1,1
LOC111129043,1,2,-1
LOC111129045,1,2,-1
LOC111129076,3,4,-1
LOC111129085,1,2,-1
LOC111129088,14,15,-1
LOC111129092,6,5,1
LOC111129093,3,4,-1
LOC111129094,5,6,-1
LOC111129123,1,2,-1
LOC111129131,8,5,3
LOC111129162,20,17,3
LOC111129163,5,4,1
LOC111129177,8,9,-1
LOC111129191,3,4,-1
LOC111129198,2,1,1
LOC111129230,0,2,-2
LOC111129252,5,3,2
LOC111129267,5,3,2
LOC111129269,6,5,1
LOC111129318,0,1,-1
LOC111129334,7,6,1
LOC111129337,3,2,1
LOC111129348,6,5,1
LOC111129352,6,5,1
LOC111129367,2,1,1
LOC111129376,4,5,-1
LOC111129393,1,2,-1
LOC111129397,3,2,1
LOC111129431,3,2,1
LOC111129449,1,2,-1
LOC111129459,5,2,3
LOC111129471,2,1,1
LOC111129473,3,1,2
LOC111129478,5,4,1
LOC111129480,2,1,1
LOC111129499,5,6,-1
LOC111129512,10,13,-3
LOC111129539,2,3,-1
LOC111129693,6,5,1
LOC111129899,9,8,1
LOC111129906,3,2,1
LOC111129912,4,3,1
LOC111129914,2,3,-1
LOC111129917,2,1,1
LOC111129930,2,3,-1
LOC111129967,6,5,1
LOC111129974,1,2,-1
LOC111129975,23,22,1
LOC111130038,5,4,1
LOC111130063,4,3,1
LOC111130111,6,4,2
LOC111130114,2,3,-1
LOC111130125,4,6,-2
LOC111130153,2,3,-1
LOC111130159,2,1,1
LOC111130168,2,4,-2
LOC111130179,3,2,1
LOC111130194,6,7,-1
LOC111130197,1,2,-1
LOC111130203,4,3,1
LOC111130209,4,3,1
LOC111130249,4,3,1
LOC111130250,4,3,1
LOC111130286,5,6,-1
LOC111130297,23,30,-7
LOC111130306,4,3,1
LOC111130316,3,2,1
LOC111130317,2,3,-1
LOC111130323,6,4,2
LOC111130332,6,5,1
LOC111130338,9,8,1
LOC111130340,3,4,-1
LOC111130343,7,6,1
LOC111130345,6,4,2
LOC111130351,3,4,-1
LOC111130353,18,15,3
LOC111130369,5,7,-2
LOC111130379,1,2,-1
LOC111130380,1,2,-1
LOC111130384,5,4,1
LOC111130387,2,3,-1
LOC111130388,2,1,1
LOC111130389,3,4,-1
LOC111130398,7,6,1
LOC111130400,2,3,-1
LOC111130408,4,5,-1
LOC111130414,2,1,1
LOC111130487,13,15,-2
LOC111130518,4,3,1
LOC111130578,1,2,-1
LOC111130579,4,3,1
LOC111130597,2,1,1
LOC111130631,0,1,-1
LOC111130648,2,3,-1
LOC111130649,1,2,-1
LOC111130651,4,6,-2
LOC111130652,2,1,1
LOC111130673,7,5,2
LOC111130676,5,3,2
LOC111130695,3,4,-1
LOC111130704,9,8,1
LOC111130720,3,2,1
LOC111130739,4,3,1
LOC111130781,2,1,1
LOC111130839,4,5,-1
LOC111130845,2,3,-1
LOC111130866,2,1,1
LOC111130892,2,3,-1
LOC111130930,2,1,1
LOC111130943,2,3,-1
LOC111130951,7,8,-1
LOC111130955,1,2,-1
LOC111130964,1,2,-1
LOC111131031,3,4,-1
LOC111131080,4,5,-1
LOC111131099,16,17,-1
LOC111131114,2,1,1
LOC111131137,3,2,1
LOC111131147,14,15,-1
LOC111131173,1,2,-1
LOC111131199,2,1,1
LOC111131201,2,1,1
LOC111131232,10,9,1
LOC111131237,1,2,-1
LOC111131249,2,1,1
LOC111131265,4,2,2
LOC111131266,9,7,2
LOC111131279,3,2,1
LOC111131294,3,1,2
LOC111131301,13,12,1
LOC111131305,2,1,1
LOC111131308,1,2,-1
LOC111131354,1,2,-1
LOC111131395,3,4,-1
LOC111131396,3,2,1
LOC111131397,5,4,1
LOC111131418,8,9,-1
LOC111131430,2,1,1
LOC111131437,16,17,-1
LOC111131447,5,4,1
LOC111131452,1,2,-1
LOC111131466,4,2,2
LOC111131490,4,2,2
LOC111131505,12,11,1
LOC111131522,2,3,-1
LOC111131525,2,3,-1
LOC111131547,3,2,1
LOC111131563,16,14,2
LOC111131629,1,2,-1
LOC111131652,1,2,-1
LOC111131661,8,6,2
LOC111131689,1,2,-1
LOC111131737,1,2,-1
LOC111131767,4,3,1
LOC111131789,2,1,1
LOC111131793,1,2,-1
LOC111131805,8,7,1
LOC111131824,1,3,-2
LOC111131846,1,2,-1
LOC111131871,20,18,2
LOC111131872,5,4,1
LOC111131963,5,4,1
LOC111132089,1,3,-2
LOC111132100,3,1,2
LOC111132115,4,6,-2
LOC111132178,7,6,1
LOC111132200,4,3,1
LOC111132201,2,1,1
LOC111132213,6,4,2
LOC111132253,0,1,-1
LOC111132269,3,2,1
LOC111132299,4,2,2
LOC111132366,1,2,-1
LOC111132400,0,1,-1
LOC111132409,6,5,1
LOC111132603,3,2,1
LOC111132662,0,1,-1
LOC111132663,2,1,1
LOC111132725,0,1,-1
LOC111132726,2,1,1
LOC111132812,3,2,1
LOC111132824,1,2,-1
LOC111132848,4,3,1
LOC111132856,6,3,3
LOC111132865,10,8,2
LOC111132867,1,2,-1
LOC111132879,8,9,-1
LOC111132892,2,3,-1
LOC111132899,2,1,1
LOC111132922,22,14,8
LOC111132924,10,8,2
LOC111132926,2,3,-1
LOC111132939,5,6,-1
LOC111132950,3,2,1
LOC111132966,14,13,1
LOC111132985,8,9,-1
LOC111132988,4,5,-1
LOC111132993,2,1,1
LOC111132994,2,3,-1
LOC111133009,5,6,-1
LOC111133062,7,8,-1
LOC111133082,1,2,-1
LOC111133088,1,2,-1
LOC111133089,3,2,1
LOC111133102,2,1,1
LOC111133106,6,5,1
LOC111133175,2,1,1
LOC111133185,2,1,1
LOC111133200,1,2,-1
LOC111133218,5,6,-1
LOC111133231,2,3,-1
LOC111133280,4,3,1
LOC111133281,10,8,2
LOC111133282,7,6,1
LOC111133286,1,2,-1
LOC111133287,1,2,-1
LOC111133292,1,2,-1
LOC111133302,2,3,-1
LOC111133308,1,2,-1
LOC111133311,2,3,-1
LOC111133319,1,2,-1
LOC111133321,1,0,1
LOC111133325,0,1,-1
LOC111133350,10,12,-2
LOC111133362,0,1,-1
LOC111133367,1,2,-1
LOC111133383,2,3,-1
LOC111133392,4,3,1
LOC111133393,2,1,1
LOC111133394,3,4,-1
LOC111133403,13,15,-2
LOC111133421,4,7,-3
LOC111133422,3,2,1
LOC111133441,4,3,1
LOC111133443,5,4,1
LOC111133454,1,0,1
LOC111133461,2,1,1
LOC111133470,1,2,-1
LOC111133490,2,1,1
LOC111133506,7,8,-1
LOC111133517,2,3,-1
LOC111133551,2,1,1
LOC111133553,1,2,-1
LOC111133573,3,4,-1
LOC111133578,3,4,-1
LOC111133581,1,2,-1
LOC111133600,4,3,1
LOC111133630,1,2,-1
LOC111133632,1,2,-1
LOC111133637,2,1,1
LOC111133643,2,1,1
LOC111133656,3,4,-1
LOC111133663,2,1,1
LOC111133666,28,18,10
LOC111133692,5,4,1
LOC111133698,3,2,1
LOC111133730,2,1,1
LOC111133813,1,2,-1
LOC111133833,3,4,-1
LOC111133835,2,3,-1
LOC111133844,2,3,-1
LOC111133859,1,2,-1
LOC111133878,2,1,1
LOC111133891,10,7,3
LOC111133916,2,1,1
LOC111134006,3,4,-1
LOC111134014,1,2,-1
LOC111134030,4,3,1
LOC111134047,6,5,1
LOC111134076,5,4,1
LOC111134093,6,5,1
LOC111134130,0,1,-1
LOC111134139,4,3,1
LOC111134194,1,0,1
LOC111134221,2,1,1
LOC111134228,2,3,-1
LOC111134229,3,4,-1
LOC111134237,5,4,1
LOC111134239,7,6,1
LOC111134253,2,3,-1
LOC111134256,6,5,1
LOC111134261,2,1,1
LOC111134267,3,4,-1
LOC111134302,1,2,-1
LOC111134304,4,5,-1
LOC111134309,3,4,-1
LOC111134319,4,1,3
LOC111134349,1,2,-1
LOC111134365,2,1,1
LOC111134403,1,2,-1
LOC111134429,1,2,-1
LOC111134465,6,5,1
LOC111134468,5,6,-1
LOC111134469,2,1,1
LOC111134473,8,10,-2
LOC111134486,1,2,-1
LOC111134488,2,1,1
LOC111134494,2,1,1
LOC111134495,1,0,1
LOC111134504,1,2,-1
LOC111134507,2,3,-1
LOC111134534,4,3,1
LOC111134552,2,1,1
LOC111134572,13,10,3
LOC111134597,2,3,-1
LOC111134604,1,2,-1
LOC111134619,2,3,-1
LOC111134623,3,2,1
LOC111134624,3,2,1
LOC111134633,16,15,1
LOC111134677,2,3,-1
LOC111134686,6,5,1
LOC111134694,5,6,-1
LOC111134702,9,8,1
LOC111134711,4,3,1
LOC111134737,11,12,-1
LOC111134772,16,17,-1
LOC111134775,5,3,2
LOC111134784,1,3,-2
LOC111134790,11,13,-2
LOC111134801,2,1,1
LOC111134802,2,3,-1
LOC111134804,5,4,1
LOC111134809,2,3,-1
LOC111134842,4,6,-2
LOC111134843,10,11,-1
LOC111134847,1,2,-1
LOC111134855,7,8,-1
LOC111134858,9,10,-1
LOC111134872,6,5,1
LOC111134876,6,5,1
LOC111134909,2,1,1
LOC111134924,1,2,-1
LOC111134926,2,1,1
LOC111134928,13,7,6
LOC111134935,6,4,2
LOC111134937,1,2,-1
LOC111134950,6,7,-1
LOC111134958,2,1,1
LOC111134966,7,6,1
LOC111134976,2,3,-1
LOC111134979,2,3,-1
LOC111134994,1,2,-1
LOC111134996,5,6,-1
LOC111134998,7,5,2
LOC111135012,1,2,-1
LOC111135021,3,1,2
LOC111135030,2,1,1
LOC111135045,2,1,1
LOC111135096,2,3,-1
LOC111135135,15,14,1
LOC111135145,1,2,-1
LOC111135152,5,4,1
LOC111135171,26,23,3
LOC111135181,3,2,1
LOC111135188,1,2,-1
LOC111135209,8,7,1
LOC111135216,4,3,1
LOC111135226,4,5,-1
LOC111135233,1,2,-1
LOC111135239,3,4,-1
LOC111135253,7,6,1
LOC111135259,2,3,-1
LOC111135267,3,2,1
LOC111135268,0,1,-1
LOC111135289,2,1,1
LOC111135302,2,1,1
LOC111135322,2,3,-1
LOC111135347,3,2,1
LOC111135350,7,8,-1
LOC111135377,1,3,-2
LOC111135409,4,3,1
LOC111135443,5,4,1
LOC111135463,8,4,4
LOC111135471,3,4,-1
LOC111135477,8,6,2
LOC111135481,1,0,1
LOC111135483,1,0,1
LOC111135500,2,3,-1
LOC111135516,1,2,-1
LOC111135541,8,7,1
LOC111135559,7,9,-2
LOC111135569,9,6,3
LOC111135576,2,1,1
LOC111135588,7,8,-1
LOC111135590,2,1,1
LOC111135602,2,3,-1
LOC111135633,3,2,1
LOC111135637,7,8,-1
LOC111135647,3,1,2
LOC111135689,4,5,-1
LOC111135721,6,5,1
LOC111135743,1,2,-1
LOC111135781,1,2,-1
LOC111135787,3,4,-1
LOC111135790,7,6,1
LOC111135792,6,7,-1
LOC111135807,1,2,-1
LOC111135825,8,7,1
LOC111135842,4,6,-2
LOC111135873,2,1,1
LOC111135874,1,2,-1
LOC111135875,2,3,-1
LOC111135878,6,5,1
LOC111135890,9,8,1
LOC111135904,5,6,-1
LOC111135911,19,16,3
LOC111135924,0,1,-1
LOC111135928,2,1,1
LOC111135938,1,2,-1
LOC111135955,3,2,1
LOC111135958,2,1,1
LOC111135966,6,5,1
LOC111135967,6,7,-1
LOC111136017,13,12,1
LOC111136020,3,2,1
LOC111136023,2,3,-1
LOC111136024,7,8,-1
LOC111136030,1,2,-1
LOC111136058,4,3,1
LOC111136084,4,5,-1
LOC111136106,10,9,1
LOC111136167,2,1,1
LOC111136183,4,5,-1
LOC111136194,1,0,1
LOC111136200,5,4,1
LOC111136206,3,2,1
LOC111136213,2,3,-1
LOC111136229,5,6,-1
LOC111136258,8,7,1
LOC111136261,13,12,1
LOC111136263,3,6,-3
LOC111136299,4,2,2
LOC111136330,0,1,-1
LOC111136340,16,12,4
LOC111136344,2,1,1
LOC111136354,2,1,1
LOC111136355,2,3,-1
LOC111136382,15,9,6
LOC111136384,1,2,-1
LOC111136398,5,6,-1
LOC111136426,2,3,-1
LOC111136463,5,6,-1
LOC111136524,8,9,-1
LOC111136553,2,4,-2
LOC111136589,5,4,1
LOC111136591,17,15,2
LOC111136595,3,5,-2
LOC111136609,6,5,1
LOC111136612,1,2,-1
LOC111136616,4,3,1
LOC111136638,5,6,-1
LOC111136641,6,3,3
LOC111136647,1,2,-1
LOC111136649,10,9,1
LOC111136658,2,3,-1
LOC111136669,10,9,1
LOC111136671,1,2,-1
LOC111136691,10,11,-1
LOC111136699,5,6,-1
LOC111136715,2,3,-1
LOC111136719,1,2,-1
LOC111136735,4,3,1
LOC111136800,6,5,1
LOC111136803,2,1,1
LOC111136832,1,2,-1
LOC111136853,2,1,1
LOC111136867,3,4,-1
LOC111136891,10,9,1
LOC111136925,3,4,-1
LOC111136944,1,2,-1
LOC111136957,1,2,-1
LOC111136962,4,2,2
LOC111136965,1,2,-1
LOC111136972,2,3,-1
LOC111136982,1,2,-1
LOC111136986,11,12,-1
LOC111137000,7,4,3
LOC111137025,1,2,-1
LOC111137059,7,6,1
LOC111137072,2,3,-1
LOC111137074,1,2,-1
LOC111137075,2,1,1
LOC111137093,3,2,1
LOC111137094,7,6,1
LOC111137107,2,1,1
LOC111137133,4,3,1
LOC111137161,1,2,-1
LOC111137176,3,2,1
LOC111137182,16,11,5
LOC111137190,3,2,1
LOC111137220,1,3,-2
LOC111137238,2,1,1
LOC111137281,1,2,-1
LOC111137282,1,2,-1
LOC111137285,2,1,1
LOC111137345,3,2,1
LOC111137351,3,2,1
LOC111137408,1,2,-1
LOC111137409,2,3,-1
LOC111137439,3,2,1
LOC111137464,3,2,1
LOC111137471,2,1,1
LOC111137474,1,2,-1
LOC111137522,7,6,1
LOC111137554,4,3,1
LOC111137557,3,2,1
LOC111137574,2,3,-1
LOC111137583,3,2,1
LOC111137587,2,1,1
LOC111137600,1,2,-1
LOC111137612,1,4,-3
LOC111137618,3,2,1
LOC111137636,1,2,-1
LOC111137642,0,1,-1
LOC111137654,3,2,1
LOC111137658,3,2,1
LOC111137675,9,11,-2
LOC111137705,1,2,-1
LOC111137707,1,2,-1
LOC111137709,2,1,1
LOC111137715,2,1,1
LOC111137727,14,12,2
LOC111137738,1,2,-1
LOC111137741,1,2,-1
LOC111137742,3,4,-1
LOC111137767,2,1,1
LOC111137773,1,2,-1
LOC111137784,2,3,-1
LOC111137788,1,2,-1
LOC111137826,2,1,1
LOC111137854,1,2,-1
LOC111137855,2,1,1
LOC111137862,2,1,1
LOC111137874,2,1,1
LOC111137904,1,2,-1
LOC111137946,2,1,1
LOC111137947,11,10,1
LOC111138031,9,10,-1
LOC111138032,6,5,1
LOC111138041,4,3,1
LOC111138069,4,5,-1
LOC111138072,1,2,-1
LOC111138093,2,3,-1
LOC111138101,1,2,-1
LOC111138104,3,2,1
LOC111138112,7,8,-1
LOC111138114,1,2,-1
LOC111138116,2,1,1
LOC111138121,1,2,-1
LOC111138152,1,2,-1
LOC111138154,1,2,-1
LOC111138158,2,3,-1
LOC111138164,1,2,-1
LOC111138186,2,1,1
LOC111138215,1,2,-1
LOC111138218,1,2,-1
LOC111138293,3,2,1
LOC111138309,1,2,-1
LOC111138314,21,15,6
LOC111138319,9,8,1
LOC111138335,1,2,-1
LOC111138346,2,1,1
LOC111138434,3,2,1
LOC111138436,1,2,-1
LOC111138456,2,1,1
LOC111138462,6,4,2
LOC111138466,4,5,-1
LOC111138483,5,4,1
LOC111138492,2,1,1
LOC111138501,1,2,-1
Trnaa-cgc,10,11,-1
Trnai-uau,4,5,-1
Trnak-cuu,27,29,-2
Trnak-uuu,30,31,-1
Trnam-cau,24,27,-3
Trnar-ccu,28,30,-2
Trnay-gua,5,8,-3
