gene_name,control_females_max_transcript_counts,exposed_females_max_transcript_counts,difference
LOC111099031,1,0,1
LOC111099040,18,17,1
LOC111099043,2,1,1
LOC111099059,2,1,1
LOC111099066,2,1,1
LOC111099070,2,5,-3
LOC111099078,1,2,-1
LOC111099084,1,0,1
LOC111099085,0,1,-1
LOC111099086,1,0,1
LOC111099089,0,1,-1
LOC111099125,5,4,1
LOC111099135,4,3,1
LOC111099139,2,1,1
LOC111099181,1,2,-1
LOC111099194,19,15,4
LOC111099196,5,6,-1
LOC111099198,1,2,-1
LOC111099199,2,1,1
LOC111099204,1,0,1
LOC111099206,4,2,2
LOC111099222,6,4,2
LOC111099230,2,1,1
LOC111099409,0,1,-1
LOC111099412,0,1,-1
LOC111099438,1,3,-2
LOC111099441,1,0,1
LOC111099450,3,2,1
LOC111099456,0,1,-1
LOC111099457,11,10,1
LOC111099466,1,0,1
LOC111099476,2,1,1
LOC111099482,0,1,-1
LOC111099488,0,1,-1
LOC111099491,0,1,-1
LOC111099497,1,0,1
LOC111099498,2,1,1
LOC111099499,0,1,-1
LOC111099501,0,1,-1
LOC111099508,2,1,1
LOC111099518,4,2,2
LOC111099520,0,1,-1
LOC111099537,2,1,1
LOC111099542,2,0,2
LOC111099549,2,3,-1
LOC111099551,2,1,1
LOC111099562,0,1,-1
LOC111099569,1,2,-1
LOC111099572,1,2,-1
LOC111099575,1,2,-1
LOC111099579,4,3,1
LOC111099583,1,2,-1
LOC111099586,1,0,1
LOC111099587,5,4,1
LOC111099592,4,3,1
LOC111099602,0,1,-1
LOC111099603,13,10,3
LOC111099619,1,0,1
LOC111099636,1,0,1
LOC111099641,0,1,-1
LOC111099649,2,1,1
LOC111099655,2,1,1
LOC111099662,2,1,1
LOC111099667,0,1,-1
LOC111099673,3,4,-1
LOC111099675,2,1,1
LOC111099692,11,10,1
LOC111099699,0,1,-1
LOC111099707,1,0,1
LOC111099708,1,0,1
LOC111099709,3,2,1
LOC111099719,1,0,1
LOC111099721,6,4,2
LOC111099726,0,1,-1
LOC111099767,0,3,-3
LOC111099771,7,4,3
LOC111099773,3,4,-1
LOC111099781,4,5,-1
LOC111099804,3,2,1
LOC111099817,1,0,1
LOC111099830,4,3,1
LOC111099836,0,1,-1
LOC111099837,0,1,-1
LOC111099838,0,1,-1
LOC111099841,1,2,-1
LOC111099849,4,6,-2
LOC111099870,13,12,1
LOC111099877,2,1,1
LOC111099886,5,6,-1
LOC111099891,1,0,1
LOC111099892,5,3,2
LOC111099894,1,2,-1
LOC111099896,1,2,-1
LOC111099899,4,3,1
LOC111099901,0,1,-1
LOC111099905,0,1,-1
LOC111099908,0,1,-1
LOC111099916,2,3,-1
LOC111099920,5,4,1
LOC111099927,2,1,1
LOC111099931,1,0,1
LOC111099944,3,2,1
LOC111099950,1,0,1
LOC111099955,1,0,1
LOC111099956,4,3,1
LOC111099962,0,1,-1
LOC111099965,2,4,-2
LOC111099967,3,2,1
LOC111099987,1,2,-1
LOC111099989,1,2,-1
LOC111099991,0,1,-1
LOC111099993,2,1,1
LOC111099995,8,7,1
LOC111099999,0,2,-2
LOC111100000,0,1,-1
LOC111100009,1,0,1
LOC111100010,3,4,-1
LOC111100014,2,1,1
LOC111100018,1,2,-1
LOC111100021,1,2,-1
LOC111100026,1,5,-4
LOC111100030,1,0,1
LOC111100050,1,2,-1
LOC111100053,0,1,-1
LOC111100057,1,2,-1
LOC111100064,5,2,3
LOC111100068,2,1,1
LOC111100073,0,1,-1
LOC111100078,2,4,-2
LOC111100079,1,2,-1
LOC111100081,0,1,-1
LOC111100084,0,1,-1
LOC111100100,3,1,2
LOC111100102,1,0,1
LOC111100117,4,5,-1
LOC111100118,5,4,1
LOC111100133,1,2,-1
LOC111100142,2,1,1
LOC111100143,7,6,1
LOC111100144,2,3,-1
LOC111100147,3,2,1
LOC111100153,1,0,1
LOC111100155,1,0,1
LOC111100159,0,1,-1
LOC111100169,1,4,-3
LOC111100172,0,1,-1
LOC111100176,6,5,1
LOC111100182,0,1,-1
LOC111100196,3,4,-1
LOC111100219,4,5,-1
LOC111100240,3,2,1
LOC111100254,3,2,1
LOC111100276,1,0,1
LOC111100277,8,7,1
LOC111100278,9,7,2
LOC111100288,5,4,1
LOC111100292,2,3,-1
LOC111100293,5,4,1
LOC111100294,7,3,4
LOC111100296,1,2,-1
LOC111100304,2,4,-2
LOC111100310,0,1,-1
LOC111100316,5,4,1
LOC111100328,1,0,1
LOC111100330,3,5,-2
LOC111100331,1,2,-1
LOC111100336,6,7,-1
LOC111100338,0,1,-1
LOC111100344,5,4,1
LOC111100358,1,0,1
LOC111100366,3,2,1
LOC111100375,9,7,2
LOC111100379,3,2,1
LOC111100389,5,8,-3
LOC111100390,3,4,-1
LOC111100392,14,13,1
LOC111100393,3,4,-1
LOC111100394,2,1,1
LOC111100402,3,4,-1
LOC111100406,8,9,-1
LOC111100408,7,3,4
LOC111100411,2,1,1
LOC111100418,3,2,1
LOC111100421,4,3,1
LOC111100425,4,5,-1
LOC111100426,8,7,1
LOC111100440,2,3,-1
LOC111100441,5,4,1
LOC111100465,8,7,1
LOC111100466,9,8,1
LOC111100469,1,0,1
LOC111100472,1,2,-1
LOC111100474,1,0,1
LOC111100480,0,1,-1
LOC111100485,1,2,-1
LOC111100486,4,3,1
LOC111100523,9,10,-1
LOC111100567,2,1,1
LOC111100568,8,6,2
LOC111100571,3,2,1
LOC111100577,9,6,3
LOC111100579,3,2,1
LOC111100586,6,5,1
LOC111100623,5,3,2
LOC111100634,4,1,3
LOC111100635,3,2,1
LOC111100658,1,0,1
LOC111100696,0,1,-1
LOC111100698,1,0,1
LOC111100731,1,0,1
LOC111100734,4,2,2
LOC111100738,1,0,1
LOC111100751,1,0,1
LOC111100787,1,0,1
LOC111100792,11,9,2
LOC111100801,4,3,1
LOC111100815,2,4,-2
LOC111100827,1,2,-1
LOC111100838,4,5,-1
LOC111100839,2,1,1
LOC111100840,1,2,-1
LOC111100854,1,2,-1
LOC111100858,6,7,-1
LOC111100869,2,3,-1
LOC111100872,4,3,1
LOC111100875,3,4,-1
LOC111100876,1,2,-1
LOC111100879,2,1,1
LOC111100894,3,4,-1
LOC111100899,3,1,2
LOC111100907,3,1,2
LOC111100913,1,2,-1
LOC111100914,3,2,1
LOC111100915,2,1,1
LOC111100974,1,2,-1
LOC111100975,1,3,-2
LOC111100977,3,2,1
LOC111100978,1,0,1
LOC111100984,4,5,-1
LOC111100989,8,9,-1
LOC111100993,4,2,2
LOC111101001,3,1,2
LOC111101010,2,1,1
LOC111101018,2,3,-1
LOC111101028,4,3,1
LOC111101031,3,2,1
LOC111101033,6,4,2
LOC111101042,2,1,1
LOC111101050,7,8,-1
LOC111101078,3,2,1
LOC111101098,1,0,1
LOC111101099,2,1,1
LOC111101103,8,6,2
LOC111101104,0,1,-1
LOC111101105,1,2,-1
LOC111101106,0,1,-1
LOC111101116,2,3,-1
LOC111101134,4,2,2
LOC111101136,3,1,2
LOC111101138,5,4,1
LOC111101163,5,7,-2
LOC111101171,1,2,-1
LOC111101175,3,2,1
LOC111101180,1,2,-1
LOC111101190,4,3,1
LOC111101205,2,1,1
LOC111101206,3,2,1
LOC111101212,16,13,3
LOC111101224,2,1,1
LOC111101225,1,3,-2
LOC111101229,3,2,1
LOC111101256,2,1,1
LOC111101258,5,4,1
LOC111101272,2,1,1
LOC111101277,1,2,-1
LOC111101298,1,2,-1
LOC111101301,0,4,-4
LOC111101312,1,0,1
LOC111101327,2,1,1
LOC111101332,2,1,1
LOC111101341,1,2,-1
LOC111101352,1,0,1
LOC111101353,6,4,2
LOC111101369,2,1,1
LOC111101370,5,3,2
LOC111101372,0,1,-1
LOC111101381,3,1,2
LOC111101390,1,2,-1
LOC111101405,3,1,2
LOC111101412,3,6,-3
LOC111101438,1,2,-1
LOC111101448,6,3,3
LOC111101449,3,4,-1
LOC111101455,1,3,-2
LOC111101465,2,1,1
LOC111101471,5,6,-1
LOC111101489,5,4,1
LOC111101500,0,1,-1
LOC111101503,2,1,1
LOC111101505,3,2,1
LOC111101534,1,0,1
LOC111101535,0,1,-1
LOC111101544,1,2,-1
LOC111101545,1,2,-1
LOC111101547,2,1,1
LOC111101552,2,3,-1
LOC111101555,1,0,1
LOC111101588,6,5,1
LOC111101592,2,1,1
LOC111101601,3,2,1
LOC111101603,6,5,1
LOC111101604,2,1,1
LOC111101608,4,3,1
LOC111101621,3,2,1
LOC111101636,1,2,-1
LOC111101639,3,2,1
LOC111101645,1,2,-1
LOC111101651,1,2,-1
LOC111101664,2,1,1
LOC111101668,1,2,-1
LOC111101675,2,0,2
LOC111101677,1,2,-1
LOC111101680,3,4,-1
LOC111101682,2,1,1
LOC111101685,0,1,-1
LOC111101692,1,0,1
LOC111101714,2,1,1
LOC111101717,1,2,-1
LOC111101719,1,0,1
LOC111101730,1,0,1
LOC111101748,2,1,1
LOC111101750,1,3,-2
LOC111101776,3,2,1
LOC111101781,2,1,1
LOC111101785,1,0,1
LOC111101788,2,1,1
LOC111101809,2,1,1
LOC111101814,4,3,1
LOC111101820,4,3,1
LOC111101850,4,3,1
LOC111101863,1,2,-1
LOC111101871,6,5,1
LOC111101876,2,1,1
LOC111101882,0,1,-1
LOC111101888,2,1,1
LOC111101894,3,2,1
LOC111101897,1,0,1
LOC111101907,1,0,1
LOC111101913,0,1,-1
LOC111101946,2,3,-1
LOC111101971,1,0,1
LOC111102020,2,4,-2
LOC111102037,0,1,-1
LOC111102062,1,0,1
LOC111102071,1,0,1
LOC111102077,0,1,-1
LOC111102098,0,1,-1
LOC111102110,1,0,1
LOC111102127,1,0,1
LOC111102128,0,1,-1
LOC111102136,1,0,1
LOC111102148,1,0,1
LOC111102153,1,0,1
LOC111102154,1,0,1
LOC111102168,2,1,1
LOC111102176,0,1,-1
LOC111102184,2,1,1
LOC111102193,0,1,-1
LOC111102205,0,1,-1
LOC111102216,0,1,-1
LOC111102222,1,0,1
LOC111102223,1,0,1
LOC111102236,1,0,1
LOC111102237,13,12,1
LOC111102246,0,1,-1
LOC111102257,2,1,1
LOC111102260,1,0,1
LOC111102281,0,1,-1
LOC111102283,3,4,-1
LOC111102286,0,1,-1
LOC111102310,1,2,-1
LOC111102338,2,1,1
LOC111102339,1,2,-1
LOC111102342,2,3,-1
LOC111102348,1,2,-1
LOC111102349,0,1,-1
LOC111102359,2,1,1
LOC111102364,0,1,-1
LOC111102366,2,3,-1
LOC111102372,3,1,2
LOC111102377,3,1,2
LOC111102378,2,1,1
LOC111102397,0,2,-2
LOC111102401,1,0,1
LOC111102407,1,0,1
LOC111102419,1,0,1
LOC111102421,1,0,1
LOC111102426,33,16,17
LOC111102432,4,2,2
LOC111102435,3,4,-1
LOC111102446,4,1,3
LOC111102449,2,1,1
LOC111102453,1,0,1
LOC111102454,2,1,1
LOC111102481,0,1,-1
LOC111102485,4,5,-1
LOC111102487,1,0,1
LOC111102495,11,9,2
LOC111102500,2,1,1
LOC111102510,2,1,1
LOC111102514,3,2,1
LOC111102522,0,1,-1
LOC111102540,1,0,1
LOC111102541,2,1,1
LOC111102557,1,0,1
LOC111102566,1,0,1
LOC111102569,2,1,1
LOC111102571,5,3,2
LOC111102582,1,0,1
LOC111102584,6,4,2
LOC111102610,3,4,-1
LOC111102627,2,1,1
LOC111102633,1,2,-1
LOC111102646,1,0,1
LOC111102648,2,1,1
LOC111102662,2,1,1
LOC111102664,0,1,-1
LOC111102675,6,7,-1
LOC111102681,0,1,-1
LOC111102692,1,2,-1
LOC111102693,0,1,-1
LOC111102699,2,1,1
LOC111102717,2,1,1
LOC111102721,2,0,2
LOC111102722,0,1,-1
LOC111102726,1,0,1
LOC111102732,0,1,-1
LOC111102737,3,2,1
LOC111102758,5,4,1
LOC111102773,0,1,-1
LOC111102781,1,2,-1
LOC111102783,0,1,-1
LOC111102787,1,2,-1
LOC111102793,1,0,1
LOC111102795,1,0,1
LOC111102801,5,4,1
LOC111102817,6,8,-2
LOC111102833,21,22,-1
LOC111102837,2,1,1
LOC111102839,4,3,1
LOC111102852,1,2,-1
LOC111102853,3,2,1
LOC111102856,1,0,1
LOC111102865,3,2,1
LOC111102872,4,3,1
LOC111102899,1,0,1
LOC111102902,2,1,1
LOC111102903,3,2,1
LOC111102918,2,1,1
LOC111102923,1,3,-2
LOC111102933,0,2,-2
LOC111102941,2,1,1
LOC111102952,1,0,1
LOC111102960,5,3,2
LOC111102963,2,1,1
LOC111102967,2,3,-1
LOC111102982,2,3,-1
LOC111102985,1,0,1
LOC111102989,2,1,1
LOC111102991,2,1,1
LOC111102995,1,0,1
LOC111103003,1,2,-1
LOC111103010,0,1,-1
LOC111103018,3,4,-1
LOC111103019,5,4,1
LOC111103027,2,1,1
LOC111103035,0,1,-1
LOC111103042,0,1,-1
LOC111103058,2,1,1
LOC111103075,4,2,2
LOC111103078,0,1,-1
LOC111103085,0,1,-1
LOC111103089,1,0,1
LOC111103092,1,3,-2
LOC111103095,4,6,-2
LOC111103100,1,0,1
LOC111103101,1,0,1
LOC111103102,1,0,1
LOC111103112,1,2,-1
LOC111103119,1,2,-1
LOC111103122,0,1,-1
LOC111103125,1,0,1
LOC111103131,2,1,1
LOC111103134,0,1,-1
LOC111103147,1,0,1
LOC111103148,4,3,1
LOC111103161,1,0,1
LOC111103174,2,1,1
LOC111103175,3,2,1
LOC111103176,5,2,3
LOC111103183,1,0,1
LOC111103187,1,0,1
LOC111103214,2,3,-1
LOC111103219,0,1,-1
LOC111103222,1,0,1
LOC111103236,2,3,-1
LOC111103243,0,1,-1
LOC111103244,15,14,1
LOC111103253,3,2,1
LOC111103258,0,1,-1
LOC111103263,2,1,1
LOC111103280,0,1,-1
LOC111103282,0,1,-1
LOC111103287,15,16,-1
LOC111103297,3,4,-1
LOC111103298,2,1,1
LOC111103301,0,1,-1
LOC111103308,1,0,1
LOC111103323,6,5,1
LOC111103328,1,2,-1
LOC111103336,1,0,1
LOC111103337,4,5,-1
LOC111103341,0,1,-1
LOC111103345,18,16,2
LOC111103356,7,6,1
LOC111103365,1,0,1
LOC111103370,6,5,1
LOC111103375,9,6,3
LOC111103381,4,3,1
LOC111103393,9,6,3
LOC111103396,10,9,1
LOC111103401,3,2,1
LOC111103413,0,1,-1
LOC111103417,3,1,2
LOC111103425,0,1,-1
LOC111103432,0,1,-1
LOC111103441,5,6,-1
LOC111103443,4,6,-2
LOC111103446,1,0,1
LOC111103454,0,1,-1
LOC111103458,0,1,-1
LOC111103462,0,1,-1
LOC111103465,5,4,1
LOC111103478,1,0,1
LOC111103482,4,3,1
LOC111103483,0,1,-1
LOC111103488,1,0,1
LOC111103506,1,0,1
LOC111103511,4,2,2
LOC111103533,0,1,-1
LOC111103536,0,1,-1
LOC111103537,1,0,1
LOC111103550,2,1,1
LOC111103551,1,0,1
LOC111103553,1,2,-1
LOC111103560,3,4,-1
LOC111103565,1,3,-2
LOC111103570,3,2,1
LOC111103574,3,2,1
LOC111103576,1,0,1
LOC111103578,3,2,1
LOC111103587,4,3,1
LOC111103589,4,6,-2
LOC111103631,1,3,-2
LOC111103635,3,4,-1
LOC111103639,1,0,1
LOC111103646,7,6,1
LOC111103649,2,3,-1
LOC111103658,5,3,2
LOC111103660,2,1,1
LOC111103670,1,0,1
LOC111103677,1,2,-1
LOC111103679,1,0,1
LOC111103680,4,3,1
LOC111103684,3,2,1
LOC111103686,0,1,-1
LOC111103700,5,4,1
LOC111103720,1,0,1
LOC111103724,1,0,1
LOC111103725,1,0,1
LOC111103744,7,9,-2
LOC111103746,0,1,-1
LOC111103747,0,1,-1
LOC111103753,0,1,-1
LOC111103759,3,2,1
LOC111103769,0,1,-1
LOC111103795,2,1,1
LOC111103802,2,1,1
LOC111103814,9,8,1
LOC111103819,6,5,1
LOC111103825,3,4,-1
LOC111103832,1,2,-1
LOC111103842,1,2,-1
LOC111103846,5,4,1
LOC111103847,4,5,-1
LOC111103860,2,1,1
LOC111103868,6,4,2
LOC111103877,4,3,1
LOC111103892,2,1,1
LOC111103896,5,6,-1
LOC111103901,7,9,-2
LOC111103928,2,1,1
LOC111103930,5,4,1
LOC111103932,1,0,1
LOC111103936,3,2,1
LOC111103950,1,2,-1
LOC111103951,0,1,-1
LOC111103952,2,3,-1
LOC111103967,3,2,1
LOC111103982,2,3,-1
LOC111103994,5,4,1
LOC111104008,8,5,3
LOC111104030,1,2,-1
LOC111104036,1,0,1
LOC111104041,1,2,-1
LOC111104042,2,1,1
LOC111104053,2,1,1
LOC111104055,4,5,-1
LOC111104061,3,4,-1
LOC111104077,2,1,1
LOC111104078,1,2,-1
LOC111104108,2,3,-1
LOC111104110,2,1,1
LOC111104112,7,8,-1
LOC111104116,3,4,-1
LOC111104117,3,2,1
LOC111104124,3,5,-2
LOC111104159,3,4,-1
LOC111104190,13,10,3
LOC111104193,5,4,1
LOC111104198,3,4,-1
LOC111104211,2,3,-1
LOC111104214,1,0,1
LOC111104216,0,1,-1
LOC111104223,3,2,1
LOC111104230,2,1,1
LOC111104234,2,1,1
LOC111104243,2,1,1
LOC111104249,2,1,1
LOC111104251,1,2,-1
LOC111104269,9,11,-2
LOC111104304,0,2,-2
LOC111104311,3,2,1
LOC111104316,4,3,1
LOC111104325,1,2,-1
LOC111104336,0,1,-1
LOC111104339,0,1,-1
LOC111104340,1,2,-1
LOC111104346,3,1,2
LOC111104349,5,4,1
LOC111104364,1,2,-1
LOC111104373,1,3,-2
LOC111104382,9,6,3
LOC111104386,4,3,1
LOC111104399,2,1,1
LOC111104401,10,9,1
LOC111104411,2,1,1
LOC111104414,2,1,1
LOC111104422,1,2,-1
LOC111104430,2,3,-1
LOC111104432,9,7,2
LOC111104448,2,1,1
LOC111104452,2,1,1
LOC111104453,5,3,2
LOC111104468,1,0,1
LOC111104476,1,0,1
LOC111104497,4,3,1
LOC111104515,5,4,1
LOC111104520,2,1,1
LOC111104526,3,4,-1
LOC111104529,3,2,1
LOC111104539,2,1,1
LOC111104540,3,2,1
LOC111104545,2,3,-1
LOC111104560,1,2,-1
LOC111104562,0,1,-1
LOC111104568,2,1,1
LOC111104572,2,1,1
LOC111104582,1,0,1
LOC111104598,3,1,2
LOC111104602,2,1,1
LOC111104605,1,0,1
LOC111104612,1,0,1
LOC111104622,1,0,1
LOC111104626,2,1,1
LOC111104627,2,1,1
LOC111104628,2,1,1
LOC111104629,20,18,2
LOC111104631,2,1,1
LOC111104646,0,1,-1
LOC111104648,2,1,1
LOC111104660,2,1,1
LOC111104666,2,1,1
LOC111104674,1,3,-2
LOC111104689,4,5,-1
LOC111104710,1,2,-1
LOC111104711,6,3,3
LOC111104714,4,3,1
LOC111104725,3,2,1
LOC111104737,2,1,1
LOC111104738,2,1,1
LOC111104739,0,2,-2
LOC111104744,2,1,1
LOC111104757,1,2,-1
LOC111104773,1,2,-1
LOC111104774,0,1,-1
LOC111104776,1,2,-1
LOC111104777,1,2,-1
LOC111104806,1,0,1
LOC111104807,1,2,-1
LOC111104808,1,0,1
LOC111104810,2,1,1
LOC111104820,1,0,1
LOC111104825,3,2,1
LOC111104830,1,2,-1
LOC111104834,5,4,1
LOC111104835,25,24,1
LOC111104839,3,4,-1
LOC111104840,2,4,-2
LOC111104841,2,1,1
LOC111104842,2,1,1
LOC111104849,1,0,1
LOC111104854,0,1,-1
LOC111104855,0,1,-1
LOC111104879,0,1,-1
LOC111104902,1,2,-1
LOC111104907,0,1,-1
LOC111104923,1,0,1
LOC111104926,0,1,-1
LOC111104927,0,1,-1
LOC111104938,0,1,-1
LOC111104962,1,0,1
LOC111104973,1,0,1
LOC111104975,1,0,1
LOC111104983,0,1,-1
LOC111104984,0,1,-1
LOC111104988,1,0,1
LOC111105001,0,1,-1
LOC111105006,0,1,-1
LOC111105007,0,1,-1
LOC111105008,0,1,-1
LOC111105014,1,0,1
LOC111105023,0,1,-1
LOC111105043,1,0,1
LOC111105099,1,0,1
LOC111105117,1,0,1
LOC111105120,1,0,1
LOC111105126,1,0,1
LOC111105155,1,0,1
LOC111105171,1,0,1
LOC111105195,0,1,-1
LOC111105211,2,1,1
LOC111105226,0,1,-1
LOC111105229,1,0,1
LOC111105237,2,1,1
LOC111105242,0,1,-1
LOC111105243,2,1,1
LOC111105249,3,2,1
LOC111105257,1,2,-1
LOC111105259,2,1,1
LOC111105273,5,4,1
LOC111105274,3,2,1
LOC111105276,3,4,-1
LOC111105290,0,1,-1
LOC111105312,6,3,3
LOC111105317,1,2,-1
LOC111105318,2,1,1
LOC111105330,2,1,1
LOC111105333,4,5,-1
LOC111105366,15,12,3
LOC111105367,6,4,2
LOC111105371,1,0,1
LOC111105377,1,2,-1
LOC111105378,2,1,1
LOC111105382,4,5,-1
LOC111105397,2,1,1
LOC111105404,3,1,2
LOC111105405,1,2,-1
LOC111105409,2,1,1
LOC111105412,2,1,1
LOC111105415,1,0,1
LOC111105423,5,4,1
LOC111105463,1,0,1
LOC111105471,2,3,-1
LOC111105475,2,1,1
LOC111105478,2,3,-1
LOC111105480,9,0,9
LOC111105494,4,3,1
LOC111105540,2,1,1
LOC111105545,2,1,1
LOC111105547,2,1,1
LOC111105549,3,1,2
LOC111105552,2,4,-2
LOC111105555,1,2,-1
LOC111105575,2,1,1
LOC111105591,2,3,-1
LOC111105593,2,1,1
LOC111105605,0,1,-1
LOC111105609,3,2,1
LOC111105611,0,1,-1
LOC111105618,1,0,1
LOC111105619,2,4,-2
LOC111105620,1,0,1
LOC111105622,1,0,1
LOC111105624,1,2,-1
LOC111105635,1,2,-1
LOC111105638,0,1,-1
LOC111105659,1,2,-1
LOC111105684,6,1,5
LOC111105686,2,3,-1
LOC111105716,17,15,2
LOC111105726,0,1,-1
LOC111105746,0,1,-1
LOC111105771,1,0,1
LOC111105775,2,1,1
LOC111105777,1,0,1
LOC111105783,2,1,1
LOC111105787,1,0,1
LOC111105795,3,2,1
LOC111105800,1,0,1
LOC111105801,4,2,2
LOC111105814,0,1,-1
LOC111105825,0,3,-3
LOC111105828,15,12,3
LOC111105837,1,0,1
LOC111105847,4,5,-1
LOC111105852,2,3,-1
LOC111105853,1,2,-1
LOC111105855,1,2,-1
LOC111105861,1,0,1
LOC111105874,0,1,-1
LOC111105882,3,4,-1
LOC111105883,0,1,-1
LOC111105903,1,2,-1
LOC111105904,12,8,4
LOC111105910,2,1,1
LOC111105920,4,3,1
LOC111105921,3,2,1
LOC111105923,3,4,-1
LOC111105924,1,2,-1
LOC111105937,1,2,-1
LOC111105939,3,2,1
LOC111105940,2,1,1
LOC111105948,1,2,-1
LOC111105950,2,1,1
LOC111105982,1,2,-1
LOC111105983,0,3,-3
LOC111105991,2,1,1
LOC111105995,1,0,1
LOC111106007,2,1,1
LOC111106008,1,2,-1
LOC111106038,2,1,1
LOC111106047,3,2,1
LOC111106078,0,1,-1
LOC111106086,1,0,1
LOC111106095,2,1,1
LOC111106113,1,0,1
LOC111106119,7,10,-3
LOC111106126,1,2,-1
LOC111106137,1,0,1
LOC111106145,0,1,-1
LOC111106147,1,0,1
LOC111106150,2,1,1
LOC111106154,2,1,1
LOC111106170,2,1,1
LOC111106179,3,1,2
LOC111106195,1,0,1
LOC111106199,2,1,1
LOC111106203,1,2,-1
LOC111106212,7,6,1
LOC111106214,3,1,2
LOC111106218,0,1,-1
LOC111106220,0,1,-1
LOC111106225,2,1,1
LOC111106228,2,3,-1
LOC111106238,3,2,1
LOC111106240,9,10,-1
LOC111106244,1,2,-1
LOC111106245,0,1,-1
LOC111106260,2,1,1
LOC111106267,3,1,2
LOC111106279,0,1,-1
LOC111106280,1,0,1
LOC111106281,2,1,1
LOC111106292,2,1,1
LOC111106299,4,5,-1
LOC111106302,0,1,-1
LOC111106307,3,2,1
LOC111106309,2,1,1
LOC111106326,2,1,1
LOC111106333,5,7,-2
LOC111106344,2,1,1
LOC111106352,1,2,-1
LOC111106374,1,0,1
LOC111106379,1,0,1
LOC111106384,2,1,1
LOC111106388,0,1,-1
LOC111106389,3,1,2
LOC111106393,2,1,1
LOC111106402,1,2,-1
LOC111106412,1,2,-1
LOC111106415,1,0,1
LOC111106420,1,0,1
LOC111106424,1,2,-1
LOC111106430,1,0,1
LOC111106447,0,1,-1
LOC111106453,1,0,1
LOC111106457,3,2,1
LOC111106481,2,1,1
LOC111106488,1,0,1
LOC111106508,4,5,-1
LOC111106514,3,2,1
LOC111106520,3,2,1
LOC111106533,1,0,1
LOC111106535,1,2,-1
LOC111106546,3,2,1
LOC111106556,1,2,-1
LOC111106558,2,1,1
LOC111106560,0,1,-1
LOC111106562,0,1,-1
LOC111106572,1,0,1
LOC111106580,0,1,-1
LOC111106589,1,2,-1
LOC111106603,0,1,-1
LOC111106606,2,1,1
LOC111106611,2,1,1
LOC111106612,0,1,-1
LOC111106615,1,0,1
LOC111106618,1,2,-1
LOC111106620,2,1,1
LOC111106630,2,3,-1
LOC111106637,3,2,1
LOC111106639,13,11,2
LOC111106647,1,0,1
LOC111106650,3,2,1
LOC111106656,1,2,-1
LOC111106664,3,1,2
LOC111106666,2,1,1
LOC111106668,5,2,3
LOC111106671,2,1,1
LOC111106678,2,1,1
LOC111106679,2,0,2
LOC111106688,1,0,1
LOC111106698,2,3,-1
LOC111106706,2,3,-1
LOC111106711,3,2,1
LOC111106714,2,1,1
LOC111106725,1,0,1
LOC111106726,2,1,1
LOC111106732,2,1,1
LOC111106739,2,1,1
LOC111106744,1,0,1
LOC111106758,1,0,1
LOC111106761,0,1,-1
LOC111106765,3,1,2
LOC111106768,3,2,1
LOC111106793,1,2,-1
LOC111106802,1,2,-1
LOC111106814,1,0,1
LOC111106825,2,1,1
LOC111106830,14,11,3
LOC111106835,1,0,1
LOC111106841,0,1,-1
LOC111106843,1,0,1
LOC111106861,3,5,-2
LOC111106865,1,0,1
LOC111106867,0,1,-1
LOC111106874,5,3,2
LOC111106876,0,1,-1
LOC111106893,0,1,-1
LOC111106917,2,1,1
LOC111106944,3,4,-1
LOC111106963,0,1,-1
LOC111106967,3,2,1
LOC111106974,0,2,-2
LOC111106979,2,1,1
LOC111106980,16,12,4
LOC111106984,1,0,1
LOC111106989,3,1,2
LOC111106996,1,0,1
LOC111107004,1,0,1
LOC111107016,0,1,-1
LOC111107018,3,2,1
LOC111107048,3,2,1
LOC111107058,6,5,1
LOC111107076,1,0,1
LOC111107077,1,0,1
LOC111107090,1,0,1
LOC111107097,3,4,-1
LOC111107104,8,7,1
LOC111107138,12,8,4
LOC111107143,1,2,-1
LOC111107155,6,5,1
LOC111107161,1,0,1
LOC111107177,4,3,1
LOC111107185,2,6,-4
LOC111107186,2,1,1
LOC111107193,2,1,1
LOC111107197,1,2,-1
LOC111107202,0,1,-1
LOC111107203,1,0,1
LOC111107204,14,9,5
LOC111107223,1,0,1
LOC111107241,1,2,-1
LOC111107253,2,3,-1
LOC111107266,4,2,2
LOC111107271,1,2,-1
LOC111107278,10,9,1
LOC111107281,2,1,1
LOC111107284,3,1,2
LOC111107287,1,2,-1
LOC111107325,3,4,-1
LOC111107328,14,7,7
LOC111107352,1,0,1
LOC111107360,1,2,-1
LOC111107364,4,5,-1
LOC111107370,2,1,1
LOC111107381,0,1,-1
LOC111107416,0,1,-1
LOC111107435,1,0,1
LOC111107440,0,1,-1
LOC111107441,0,1,-1
LOC111107464,0,1,-1
LOC111107466,0,1,-1
LOC111107486,2,1,1
LOC111107489,2,1,1
LOC111107493,3,2,1
LOC111107498,1,0,1
LOC111107503,0,1,-1
LOC111107517,0,1,-1
LOC111107523,1,2,-1
LOC111107541,1,0,1
LOC111107555,2,3,-1
LOC111107576,3,1,2
LOC111107585,0,1,-1
LOC111107586,1,2,-1
LOC111107601,1,0,1
LOC111107620,4,3,1
LOC111107631,2,1,1
LOC111107637,2,1,1
LOC111107662,4,2,2
LOC111107667,3,2,1
LOC111107668,2,3,-1
LOC111107669,5,3,2
LOC111107672,2,3,-1
LOC111107678,3,2,1
LOC111107682,3,2,1
LOC111107716,4,3,1
LOC111107721,0,1,-1
LOC111107723,1,0,1
LOC111107739,4,3,1
LOC111107746,1,0,1
LOC111107748,1,2,-1
LOC111107751,0,1,-1
LOC111107767,3,2,1
LOC111107777,1,0,1
LOC111107797,0,1,-1
LOC111107798,0,1,-1
LOC111107801,0,1,-1
LOC111107808,1,2,-1
LOC111107822,4,3,1
LOC111107824,2,1,1
LOC111107827,7,6,1
LOC111107829,1,0,1
LOC111107834,2,1,1
LOC111107835,3,1,2
LOC111107837,1,2,-1
LOC111107845,1,2,-1
LOC111107870,1,0,1
LOC111107918,1,0,1
LOC111107926,2,4,-2
LOC111107927,1,2,-1
LOC111107933,12,14,-2
LOC111107940,2,1,1
LOC111107943,1,0,1
LOC111107953,2,1,1
LOC111107955,4,5,-1
LOC111107974,2,1,1
LOC111107978,1,2,-1
LOC111107997,2,4,-2
LOC111108000,1,0,1
LOC111108012,1,2,-1
LOC111108013,1,0,1
LOC111108026,2,1,1
LOC111108036,0,1,-1
LOC111108043,2,3,-1
LOC111108046,3,4,-1
LOC111108048,1,2,-1
LOC111108054,1,2,-1
LOC111108060,4,5,-1
LOC111108061,5,6,-1
LOC111108063,4,3,1
LOC111108073,1,0,1
LOC111108075,1,0,1
LOC111108077,0,1,-1
LOC111108079,1,0,1
LOC111108086,24,22,2
LOC111108087,1,0,1
LOC111108092,2,3,-1
LOC111108094,4,3,1
LOC111108099,0,1,-1
LOC111108113,2,1,1
LOC111108116,2,1,1
LOC111108120,4,5,-1
LOC111108121,2,1,1
LOC111108124,14,15,-1
LOC111108148,3,4,-1
LOC111108155,1,0,1
LOC111108157,1,0,1
LOC111108158,1,0,1
LOC111108159,1,0,1
LOC111108160,8,5,3
LOC111108167,8,9,-1
LOC111108168,1,0,1
LOC111108169,2,1,1
LOC111108186,9,2,7
LOC111108194,1,0,1
LOC111108196,0,1,-1
LOC111108204,3,2,1
LOC111108212,17,1,16
LOC111108222,3,1,2
LOC111108225,4,5,-1
LOC111108231,3,2,1
LOC111108236,1,0,1
LOC111108244,1,2,-1
LOC111108248,7,6,1
LOC111108261,1,0,1
LOC111108267,1,2,-1
LOC111108280,1,2,-1
LOC111108283,2,1,1
LOC111108288,2,1,1
LOC111108304,3,2,1
LOC111108307,5,4,1
LOC111108310,2,3,-1
LOC111108322,3,4,-1
LOC111108332,2,1,1
LOC111108361,5,6,-1
LOC111108381,3,2,1
LOC111108383,3,1,2
LOC111108403,5,3,2
LOC111108416,3,2,1
LOC111108428,3,4,-1
LOC111108435,1,2,-1
LOC111108443,3,4,-1
LOC111108445,1,2,-1
LOC111108453,3,2,1
LOC111108457,6,4,2
LOC111108459,4,3,1
LOC111108470,3,2,1
LOC111108471,3,2,1
LOC111108474,2,1,1
LOC111108482,1,2,-1
LOC111108483,0,1,-1
LOC111108495,4,3,1
LOC111108503,5,4,1
LOC111108507,1,2,-1
LOC111108530,0,2,-2
LOC111108537,2,1,1
LOC111108540,1,2,-1
LOC111108558,2,1,1
LOC111108560,3,4,-1
LOC111108564,1,2,-1
LOC111108565,2,0,2
LOC111108580,1,0,1
LOC111108615,4,3,1
LOC111108622,2,1,1
LOC111108628,3,2,1
LOC111108636,2,1,1
LOC111108648,2,1,1
LOC111108653,6,7,-1
LOC111108670,2,3,-1
LOC111108686,1,0,1
LOC111108688,0,1,-1
LOC111108716,2,1,1
LOC111108719,1,2,-1
LOC111108743,4,3,1
LOC111108749,3,1,2
LOC111108769,4,5,-1
LOC111108772,1,2,-1
LOC111108779,3,2,1
LOC111108787,1,2,-1
LOC111108794,0,1,-1
LOC111108795,1,0,1
LOC111108821,1,0,1
LOC111108828,1,0,1
LOC111108831,1,0,1
LOC111108841,0,1,-1
LOC111108843,1,0,1
LOC111108851,1,0,1
LOC111108853,1,0,1
LOC111108854,1,0,1
LOC111108905,1,0,1
LOC111108909,1,0,1
LOC111108931,3,2,1
LOC111108943,0,1,-1
LOC111108950,0,1,-1
LOC111108976,1,0,1
LOC111108977,1,0,1
LOC111108978,1,0,1
LOC111108983,1,0,1
LOC111108988,1,0,1
LOC111108993,0,1,-1
LOC111109011,1,0,1
LOC111109023,1,0,1
LOC111109028,2,1,1
LOC111109042,1,0,1
LOC111109088,0,1,-1
LOC111109105,4,3,1
LOC111109106,0,1,-1
LOC111109141,0,1,-1
LOC111109200,0,1,-1
LOC111109202,0,1,-1
LOC111109204,0,1,-1
LOC111109237,1,0,1
LOC111109263,2,1,1
LOC111109286,1,0,1
LOC111109287,1,0,1
LOC111109310,1,0,1
LOC111109312,0,1,-1
LOC111109324,1,0,1
LOC111109357,1,0,1
LOC111109358,0,1,-1
LOC111109378,1,0,1
LOC111109383,1,0,1
LOC111109384,1,0,1
LOC111109401,2,1,1
LOC111109402,2,3,-1
LOC111109404,5,6,-1
LOC111109415,1,2,-1
LOC111109447,2,1,1
LOC111109450,2,1,1
LOC111109455,3,2,1
LOC111109456,2,4,-2
LOC111109465,8,6,2
LOC111109473,3,2,1
LOC111109484,9,6,3
LOC111109487,1,2,-1
LOC111109489,2,3,-1
LOC111109495,5,2,3
LOC111109496,1,0,1
LOC111109497,0,1,-1
LOC111109523,4,1,3
LOC111109525,2,1,1
LOC111109572,2,1,1
LOC111109588,2,1,1
LOC111109590,3,2,1
LOC111109611,3,2,1
LOC111109626,1,0,1
LOC111109630,3,1,2
LOC111109644,1,0,1
LOC111109646,2,1,1
LOC111109655,5,6,-1
LOC111109692,0,1,-1
LOC111109693,3,4,-1
LOC111109695,0,1,-1
LOC111109711,1,2,-1
LOC111109719,0,1,-1
LOC111109723,2,1,1
LOC111109724,0,1,-1
LOC111109728,0,1,-1
LOC111109735,2,3,-1
LOC111109741,2,1,1
LOC111109749,2,3,-1
LOC111109752,2,1,1
LOC111109769,4,2,2
LOC111109783,2,1,1
LOC111109792,1,0,1
LOC111109803,1,2,-1
LOC111109821,1,2,-1
LOC111109831,3,2,1
LOC111109852,5,1,4
LOC111109855,1,2,-1
LOC111109867,1,0,1
LOC111109868,3,2,1
LOC111109879,3,2,1
LOC111109910,1,2,-1
LOC111109914,2,1,1
LOC111109916,4,2,2
LOC111109925,2,1,1
LOC111109930,2,1,1
LOC111109940,2,1,1
LOC111109944,2,1,1
LOC111109991,1,3,-2
LOC111110011,2,1,1
LOC111110017,1,2,-1
LOC111110021,4,3,1
LOC111110026,1,0,1
LOC111110028,10,9,1
LOC111110037,1,2,-1
LOC111110043,2,1,1
LOC111110046,1,0,1
LOC111110073,2,1,1
LOC111110074,0,1,-1
LOC111110079,0,1,-1
LOC111110093,5,3,2
LOC111110101,2,1,1
LOC111110102,1,2,-1
LOC111110106,1,0,1
LOC111110120,2,1,1
LOC111110127,5,4,1
LOC111110136,2,1,1
LOC111110142,4,5,-1
LOC111110144,1,2,-1
LOC111110148,4,5,-1
LOC111110177,1,0,1
LOC111110186,0,1,-1
LOC111110196,1,0,1
LOC111110199,2,3,-1
LOC111110204,1,2,-1
LOC111110218,2,1,1
LOC111110229,1,0,1
LOC111110231,1,0,1
LOC111110234,0,1,-1
LOC111110239,3,2,1
LOC111110244,8,6,2
LOC111110249,2,1,1
LOC111110250,4,5,-1
LOC111110256,0,1,-1
LOC111110262,2,1,1
LOC111110279,1,0,1
LOC111110286,1,0,1
LOC111110293,1,0,1
LOC111110296,6,5,1
LOC111110303,2,1,1
LOC111110308,0,1,-1
LOC111110316,4,5,-1
LOC111110318,1,2,-1
LOC111110319,2,1,1
LOC111110324,1,2,-1
LOC111110329,1,2,-1
LOC111110333,1,2,-1
LOC111110352,5,4,1
LOC111110354,0,1,-1
LOC111110358,1,0,1
LOC111110395,1,2,-1
LOC111110398,2,1,1
LOC111110462,1,0,1
LOC111110476,6,4,2
LOC111110477,1,2,-1
LOC111110489,0,1,-1
LOC111110495,7,8,-1
LOC111110513,1,0,1
LOC111110518,2,1,1
LOC111110523,2,1,1
LOC111110526,6,5,1
LOC111110527,2,1,1
LOC111110531,0,1,-1
LOC111110538,1,2,-1
LOC111110545,5,4,1
LOC111110556,1,2,-1
LOC111110570,1,0,1
LOC111110595,2,1,1
LOC111110609,4,2,2
LOC111110614,1,0,1
LOC111110615,2,3,-1
LOC111110620,1,0,1
LOC111110622,2,1,1
LOC111110626,1,0,1
LOC111110632,2,1,1
LOC111110633,1,3,-2
LOC111110634,2,1,1
LOC111110642,3,5,-2
LOC111110657,1,3,-2
LOC111110659,2,3,-1
LOC111110671,3,2,1
LOC111110672,2,1,1
LOC111110674,2,1,1
LOC111110708,2,1,1
LOC111110716,3,1,2
LOC111110730,1,0,1
LOC111110737,1,0,1
LOC111110738,3,1,2
LOC111110744,2,3,-1
LOC111110748,6,8,-2
LOC111110749,2,1,1
LOC111110752,0,1,-1
LOC111110769,1,0,1
LOC111110772,1,0,1
LOC111110773,1,0,1
LOC111110781,2,1,1
LOC111110782,3,2,1
LOC111110798,3,2,1
LOC111110803,0,1,-1
LOC111110813,1,2,-1
LOC111110814,3,2,1
LOC111110819,0,1,-1
LOC111110823,3,2,1
LOC111110837,1,0,1
LOC111110840,1,2,-1
LOC111110857,3,2,1
LOC111110858,1,0,1
LOC111110863,7,3,4
LOC111110866,1,0,1
LOC111110867,7,6,1
LOC111110881,2,3,-1
LOC111110890,4,5,-1
LOC111110905,3,2,1
LOC111110909,1,0,1
LOC111110910,2,3,-1
LOC111110914,1,0,1
LOC111110916,1,0,1
LOC111110928,1,0,1
LOC111110929,3,2,1
LOC111110936,0,1,-1
LOC111110957,3,2,1
LOC111110965,6,5,1
LOC111110968,1,0,1
LOC111110975,5,1,4
LOC111110979,9,8,1
LOC111110984,2,1,1
LOC111110985,3,4,-1
LOC111110987,0,1,-1
LOC111110997,13,16,-3
LOC111111003,3,2,1
LOC111111014,1,0,1
LOC111111017,3,2,1
LOC111111020,1,0,1
LOC111111023,2,1,1
LOC111111025,3,2,1
LOC111111028,2,3,-1
LOC111111036,1,0,1
LOC111111039,1,0,1
LOC111111050,11,10,1
LOC111111054,3,2,1
LOC111111058,9,8,1
LOC111111067,0,1,-1
LOC111111079,2,1,1
LOC111111097,0,1,-1
LOC111111099,2,1,1
LOC111111101,1,0,1
LOC111111103,1,0,1
LOC111111109,0,1,-1
LOC111111110,1,0,1
LOC111111114,1,0,1
LOC111111119,3,2,1
LOC111111131,3,2,1
LOC111111132,2,3,-1
LOC111111134,1,0,1
LOC111111135,2,1,1
LOC111111140,1,0,1
LOC111111147,1,0,1
LOC111111149,0,1,-1
LOC111111150,1,0,1
LOC111111156,4,5,-1
LOC111111161,1,2,-1
LOC111111180,1,0,1
LOC111111182,2,4,-2
LOC111111200,0,1,-1
LOC111111224,2,3,-1
LOC111111237,1,0,1
LOC111111255,6,2,4
LOC111111280,0,1,-1
LOC111111289,3,2,1
LOC111111294,5,4,1
LOC111111328,0,1,-1
LOC111111331,3,1,2
LOC111111333,7,6,1
LOC111111337,2,1,1
LOC111111343,4,1,3
LOC111111347,1,0,1
LOC111111350,2,1,1
LOC111111376,2,3,-1
LOC111111392,17,20,-3
LOC111111400,2,1,1
LOC111111409,2,1,1
LOC111111411,0,1,-1
LOC111111418,0,1,-1
LOC111111426,1,2,-1
LOC111111433,0,1,-1
LOC111111447,1,0,1
LOC111111451,3,4,-1
LOC111111454,0,1,-1
LOC111111455,0,1,-1
LOC111111465,2,1,1
LOC111111467,1,2,-1
LOC111111471,3,2,1
LOC111111474,1,0,1
LOC111111479,1,2,-1
LOC111111481,0,1,-1
LOC111111487,18,16,2
LOC111111491,2,1,1
LOC111111496,2,3,-1
LOC111111507,0,1,-1
LOC111111514,2,1,1
LOC111111516,1,2,-1
LOC111111518,0,1,-1
LOC111111525,2,1,1
LOC111111531,2,1,1
LOC111111535,2,1,1
LOC111111542,2,4,-2
LOC111111546,3,2,1
LOC111111553,3,2,1
LOC111111570,1,2,-1
LOC111111573,0,1,-1
LOC111111576,2,3,-1
LOC111111582,3,1,2
LOC111111589,2,1,1
LOC111111593,2,1,1
LOC111111599,8,6,2
LOC111111611,2,1,1
LOC111111623,0,1,-1
LOC111111624,4,2,2
LOC111111646,10,8,2
LOC111111648,1,2,-1
LOC111111661,1,2,-1
LOC111111664,1,0,1
LOC111111666,6,5,1
LOC111111671,1,2,-1
LOC111111673,1,2,-1
LOC111111674,2,1,1
LOC111111679,3,2,1
LOC111111690,1,2,-1
LOC111111698,3,2,1
LOC111111704,4,2,2
LOC111111721,3,4,-1
LOC111111723,1,2,-1
LOC111111727,1,0,1
LOC111111741,2,1,1
LOC111111743,1,0,1
LOC111111750,6,1,5
LOC111111751,2,1,1
LOC111111766,3,1,2
LOC111111772,0,2,-2
LOC111111775,1,0,1
LOC111111779,0,1,-1
LOC111111789,2,1,1
LOC111111790,1,0,1
LOC111111803,0,1,-1
LOC111111812,2,3,-1
LOC111111816,1,2,-1
LOC111111818,3,4,-1
LOC111111821,1,2,-1
LOC111111822,1,2,-1
LOC111111823,1,2,-1
LOC111111855,8,9,-1
LOC111111856,1,0,1
LOC111111867,2,1,1
LOC111111871,4,3,1
LOC111111872,2,3,-1
LOC111111873,2,3,-1
LOC111111903,0,1,-1
LOC111111906,1,2,-1
LOC111111912,2,1,1
LOC111111916,1,2,-1
LOC111111919,2,1,1
LOC111111927,1,0,1
LOC111111930,5,3,2
LOC111111940,3,1,2
LOC111111946,5,2,3
LOC111111948,2,1,1
LOC111111950,2,1,1
LOC111111954,1,0,1
LOC111111956,1,2,-1
LOC111111960,2,1,1
LOC111111963,1,0,1
LOC111111964,0,1,-1
LOC111111971,0,1,-1
LOC111111983,2,4,-2
LOC111111986,1,2,-1
LOC111111991,2,3,-1
LOC111111994,2,3,-1
LOC111112002,0,1,-1
LOC111112005,0,1,-1
LOC111112006,16,17,-1
LOC111112014,4,3,1
LOC111112028,10,8,2
LOC111112040,1,2,-1
LOC111112053,1,0,1
LOC111112062,2,1,1
LOC111112063,2,1,1
LOC111112065,2,1,1
LOC111112069,0,1,-1
LOC111112082,5,6,-1
LOC111112086,2,3,-1
LOC111112093,4,2,2
LOC111112095,2,1,1
LOC111112099,18,16,2
LOC111112114,6,4,2
LOC111112131,12,11,1
LOC111112135,2,1,1
LOC111112137,4,2,2
LOC111112138,2,1,1
LOC111112163,1,2,-1
LOC111112167,1,0,1
LOC111112168,4,3,1
LOC111112171,1,2,-1
LOC111112173,1,2,-1
LOC111112175,3,1,2
LOC111112182,0,1,-1
LOC111112187,1,0,1
LOC111112188,0,1,-1
LOC111112191,1,0,1
LOC111112196,1,0,1
LOC111112198,2,1,1
LOC111112201,2,3,-1
LOC111112202,3,4,-1
LOC111112208,1,0,1
LOC111112214,2,5,-3
LOC111112221,3,2,1
LOC111112227,3,4,-1
LOC111112233,0,1,-1
LOC111112235,1,0,1
LOC111112243,1,0,1
LOC111112248,0,1,-1
LOC111112251,2,3,-1
LOC111112264,0,1,-1
LOC111112272,2,1,1
LOC111112287,2,1,1
LOC111112306,1,0,1
LOC111112311,1,0,1
LOC111112317,1,0,1
LOC111112331,1,0,1
LOC111112335,1,0,1
LOC111112350,6,4,2
LOC111112352,6,3,3
LOC111112356,0,1,-1
LOC111112358,2,1,1
LOC111112365,2,1,1
LOC111112366,2,1,1
LOC111112374,3,1,2
LOC111112375,0,1,-1
LOC111112376,1,0,1
LOC111112384,1,0,1
LOC111112387,3,2,1
LOC111112397,1,2,-1
LOC111112400,6,5,1
LOC111112401,2,1,1
LOC111112433,7,3,4
LOC111112441,2,1,1
LOC111112446,2,1,1
LOC111112451,2,1,1
LOC111112470,0,1,-1
LOC111112478,3,2,1
LOC111112487,4,5,-1
LOC111112493,1,0,1
LOC111112495,0,1,-1
LOC111112504,2,3,-1
LOC111112506,2,1,1
LOC111112512,1,0,1
LOC111112513,1,2,-1
LOC111112517,1,2,-1
LOC111112520,0,1,-1
LOC111112536,0,1,-1
LOC111112548,1,0,1
LOC111112585,12,11,1
LOC111112588,14,12,2
LOC111112592,1,0,1
LOC111112603,5,4,1
LOC111112605,24,26,-2
LOC111112609,2,0,2
LOC111112612,3,4,-1
LOC111112614,4,2,2
LOC111112620,27,12,15
LOC111112624,4,3,1
LOC111112629,9,7,2
LOC111112646,1,2,-1
LOC111112650,2,1,1
LOC111112655,11,10,1
LOC111112657,2,1,1
LOC111112658,1,2,-1
LOC111112665,1,2,-1
LOC111112666,1,2,-1
LOC111112669,2,3,-1
LOC111112678,1,0,1
LOC111112687,2,1,1
LOC111112688,2,3,-1
LOC111112692,1,0,1
LOC111112695,2,1,1
LOC111112697,1,0,1
LOC111112699,5,4,1
LOC111112702,0,1,-1
LOC111112713,1,0,1
LOC111112720,9,10,-1
LOC111112735,1,0,1
LOC111112740,2,1,1
LOC111112741,3,5,-2
LOC111112744,6,5,1
LOC111112757,0,3,-3
LOC111112774,2,1,1
LOC111112775,2,1,1
LOC111112780,6,7,-1
LOC111112781,4,2,2
LOC111112785,1,0,1
LOC111112790,3,2,1
LOC111112800,2,1,1
LOC111112810,5,3,2
LOC111112811,6,4,2
LOC111112816,1,2,-1
LOC111112826,2,1,1
LOC111112827,2,1,1
LOC111112829,3,2,1
LOC111112839,6,4,2
LOC111112840,1,0,1
LOC111112856,1,0,1
LOC111112898,4,1,3
LOC111112902,2,1,1
LOC111112907,1,2,-1
LOC111112926,3,4,-1
LOC111112932,0,1,-1
LOC111112958,1,0,1
LOC111112966,1,2,-1
LOC111112970,2,1,1
LOC111112977,1,0,1
LOC111113012,0,1,-1
LOC111113019,3,2,1
LOC111113020,12,10,2
LOC111113025,1,2,-1
LOC111113027,1,2,-1
LOC111113033,3,4,-1
LOC111113035,3,2,1
LOC111113038,2,3,-1
LOC111113042,7,6,1
LOC111113053,1,2,-1
LOC111113062,5,1,4
LOC111113075,1,0,1
LOC111113082,1,2,-1
LOC111113083,1,0,1
LOC111113084,3,1,2
LOC111113090,4,5,-1
LOC111113095,1,0,1
LOC111113097,0,1,-1
LOC111113099,2,1,1
LOC111113102,0,1,-1
LOC111113107,3,1,2
LOC111113109,3,1,2
LOC111113111,1,0,1
LOC111113124,4,6,-2
LOC111113125,5,3,2
LOC111113129,9,7,2
LOC111113146,1,0,1
LOC111113147,1,0,1
LOC111113156,0,1,-1
LOC111113157,7,8,-1
LOC111113159,3,4,-1
LOC111113163,11,10,1
LOC111113166,1,3,-2
LOC111113172,2,1,1
LOC111113173,12,10,2
LOC111113174,4,3,1
LOC111113175,14,13,1
LOC111113184,1,0,1
LOC111113188,3,4,-1
LOC111113202,1,2,-1
LOC111113208,5,6,-1
LOC111113223,2,1,1
LOC111113225,3,1,2
LOC111113255,1,0,1
LOC111113274,7,2,5
LOC111113290,2,1,1
LOC111113294,1,2,-1
LOC111113309,6,5,1
LOC111113311,2,1,1
LOC111113316,5,3,2
LOC111113320,1,2,-1
LOC111113342,3,2,1
LOC111113345,2,4,-2
LOC111113346,3,2,1
LOC111113349,1,2,-1
LOC111113351,0,1,-1
LOC111113352,5,6,-1
LOC111113355,10,9,1
LOC111113358,6,3,3
LOC111113360,3,2,1
LOC111113363,3,4,-1
LOC111113416,5,4,1
LOC111113422,2,1,1
LOC111113428,8,7,1
LOC111113440,1,2,-1
LOC111113447,3,4,-1
LOC111113449,1,2,-1
LOC111113456,0,1,-1
LOC111113457,1,0,1
LOC111113459,1,0,1
LOC111113463,1,0,1
LOC111113464,1,0,1
LOC111113465,1,0,1
LOC111113481,1,0,1
LOC111113506,0,1,-1
LOC111113516,0,1,-1
LOC111113520,1,0,1
LOC111113524,2,1,1
LOC111113530,1,0,1
LOC111113539,1,0,1
LOC111113540,1,0,1
LOC111113553,1,0,1
LOC111113554,5,4,1
LOC111113555,1,0,1
LOC111113560,0,1,-1
LOC111113592,2,1,1
LOC111113611,1,0,1
LOC111113632,0,1,-1
LOC111113638,0,1,-1
LOC111113645,0,1,-1
LOC111113647,0,1,-1
LOC111113654,1,0,1
LOC111113655,1,0,1
LOC111113665,1,0,1
LOC111113676,1,0,1
LOC111113685,1,0,1
LOC111113689,0,1,-1
LOC111113693,0,1,-1
LOC111113712,1,0,1
LOC111113723,1,0,1
LOC111113746,0,1,-1
LOC111113757,0,1,-1
LOC111113760,0,1,-1
LOC111113765,1,0,1
LOC111113772,0,1,-1
LOC111113776,0,1,-1
LOC111113784,0,1,-1
LOC111113792,0,1,-1
LOC111113810,1,0,1
LOC111113835,0,1,-1
LOC111113842,1,0,1
LOC111113851,0,1,-1
LOC111113855,0,1,-1
LOC111113858,0,1,-1
LOC111113867,1,0,1
LOC111113869,1,0,1
LOC111113874,1,0,1
LOC111113884,0,1,-1
LOC111113908,1,0,1
LOC111113910,1,0,1
LOC111113920,0,1,-1
LOC111114043,1,0,1
LOC111114124,1,0,1
LOC111114160,1,0,1
LOC111114167,1,0,1
LOC111114185,0,1,-1
LOC111114190,0,1,-1
LOC111114199,0,1,-1
LOC111114216,1,0,1
LOC111114221,1,0,1
LOC111114226,0,1,-1
LOC111114227,1,0,1
LOC111114239,0,1,-1
LOC111114271,1,0,1
LOC111114283,7,4,3
LOC111114284,1,0,1
LOC111114320,1,0,1
LOC111114321,1,0,1
LOC111114346,4,3,1
LOC111114359,0,1,-1
LOC111114364,0,1,-1
LOC111114365,1,0,1
LOC111114374,1,0,1
LOC111114375,0,1,-1
LOC111114395,1,0,1
LOC111114399,1,0,1
LOC111114401,1,0,1
LOC111114434,1,0,1
LOC111114437,1,0,1
LOC111114459,6,4,2
LOC111114467,2,1,1
LOC111114475,4,2,2
LOC111114486,3,2,1
LOC111114491,3,1,2
LOC111114492,2,1,1
LOC111114495,4,2,2
LOC111114504,0,1,-1
LOC111114510,2,1,1
LOC111114512,1,0,1
LOC111114513,1,0,1
LOC111114521,1,2,-1
LOC111114526,1,2,-1
LOC111114528,0,1,-1
LOC111114549,2,1,1
LOC111114581,2,1,1
LOC111114587,3,2,1
LOC111114612,1,0,1
LOC111114644,4,6,-2
LOC111114645,1,0,1
LOC111114650,3,2,1
LOC111114652,1,0,1
LOC111114658,1,0,1
LOC111114664,2,1,1
LOC111114666,1,2,-1
LOC111114683,2,1,1
LOC111114692,2,1,1
LOC111114697,0,1,-1
LOC111114705,2,3,-1
LOC111114709,1,2,-1
LOC111114711,2,3,-1
LOC111114714,4,3,1
LOC111114715,3,4,-1
LOC111114725,2,1,1
LOC111114726,1,0,1
LOC111114747,4,3,1
LOC111114771,5,6,-1
LOC111114802,2,1,1
LOC111114803,2,3,-1
LOC111114807,9,13,-4
LOC111114816,2,3,-1
LOC111114820,4,5,-1
LOC111114825,3,1,2
LOC111114827,2,1,1
LOC111114828,2,1,1
LOC111114836,3,4,-1
LOC111114842,4,5,-1
LOC111114844,2,1,1
LOC111114851,1,2,-1
LOC111114859,2,3,-1
LOC111114862,3,2,1
LOC111114863,2,1,1
LOC111114865,4,2,2
LOC111114875,0,1,-1
LOC111114882,4,3,1
LOC111114887,5,4,1
LOC111114891,2,1,1
LOC111114896,3,2,1
LOC111114900,5,6,-1
LOC111114916,0,1,-1
LOC111114928,2,1,1
LOC111114933,1,2,-1
LOC111114936,2,3,-1
LOC111114947,6,5,1
LOC111114949,2,1,1
LOC111114958,1,2,-1
LOC111114959,1,2,-1
LOC111114972,3,2,1
LOC111114979,3,4,-1
LOC111114985,1,2,-1
LOC111114987,2,3,-1
LOC111114994,1,2,-1
LOC111114997,1,2,-1
LOC111115006,3,2,1
LOC111115007,1,0,1
LOC111115010,1,2,-1
LOC111115025,2,0,2
LOC111115028,0,1,-1
LOC111115029,0,1,-1
LOC111115032,0,1,-1
LOC111115039,0,1,-1
LOC111115070,0,1,-1
LOC111115085,2,1,1
LOC111115090,1,2,-1
LOC111115098,0,1,-1
LOC111115118,2,1,1
LOC111115120,1,3,-2
LOC111115123,9,6,3
LOC111115128,2,1,1
LOC111115129,3,2,1
LOC111115138,4,3,1
LOC111115146,2,3,-1
LOC111115151,2,1,1
LOC111115152,1,0,1
LOC111115163,1,2,-1
LOC111115175,2,1,1
LOC111115182,2,1,1
LOC111115187,1,0,1
LOC111115196,0,1,-1
LOC111115199,1,2,-1
LOC111115202,1,2,-1
LOC111115229,1,0,1
LOC111115251,2,1,1
LOC111115257,3,2,1
LOC111115259,3,2,1
LOC111115260,3,2,1
LOC111115280,2,1,1
LOC111115282,1,0,1
LOC111115287,1,0,1
LOC111115293,0,1,-1
LOC111115295,0,2,-2
LOC111115297,0,1,-1
LOC111115305,1,2,-1
LOC111115306,5,4,1
LOC111115313,0,1,-1
LOC111115314,1,0,1
LOC111115315,0,1,-1
LOC111115316,0,1,-1
LOC111115320,0,1,-1
LOC111115322,2,1,1
LOC111115328,1,0,1
LOC111115337,1,0,1
LOC111115341,8,6,2
LOC111115349,1,0,1
LOC111115351,0,1,-1
LOC111115352,1,0,1
LOC111115353,3,1,2
LOC111115370,1,2,-1
LOC111115373,2,1,1
LOC111115402,0,2,-2
LOC111115412,1,2,-1
LOC111115435,2,1,1
LOC111115440,1,0,1
LOC111115448,1,0,1
LOC111115453,2,1,1
LOC111115459,1,0,1
LOC111115471,3,2,1
LOC111115474,3,5,-2
LOC111115476,1,0,1
LOC111115478,1,0,1
LOC111115507,0,1,-1
LOC111115511,0,1,-1
LOC111115516,2,0,2
LOC111115530,2,1,1
LOC111115531,3,1,2
LOC111115533,1,2,-1
LOC111115540,4,3,1
LOC111115545,1,2,-1
LOC111115549,1,2,-1
LOC111115552,1,0,1
LOC111115563,1,0,1
LOC111115566,1,2,-1
LOC111115581,3,4,-1
LOC111115585,1,2,-1
LOC111115591,1,2,-1
LOC111115596,2,1,1
LOC111115599,3,1,2
LOC111115602,1,0,1
LOC111115605,2,1,1
LOC111115612,17,13,4
LOC111115625,1,0,1
LOC111115627,2,1,1
LOC111115650,1,2,-1
LOC111115654,0,1,-1
LOC111115655,1,2,-1
LOC111115656,1,2,-1
LOC111115659,2,1,1
LOC111115663,2,0,2
LOC111115664,1,0,1
LOC111115670,2,1,1
LOC111115675,4,3,1
LOC111115698,2,3,-1
LOC111115700,1,0,1
LOC111115701,0,1,-1
LOC111115704,1,2,-1
LOC111115717,2,1,1
LOC111115727,1,0,1
LOC111115743,2,1,1
LOC111115746,2,1,1
LOC111115763,1,0,1
LOC111115765,2,1,1
LOC111115780,1,2,-1
LOC111115787,1,0,1
LOC111115788,2,1,1
LOC111115790,1,3,-2
LOC111115795,16,14,2
LOC111115805,0,1,-1
LOC111115815,1,2,-1
LOC111115825,0,1,-1
LOC111115834,3,1,2
LOC111115844,11,9,2
LOC111115851,2,1,1
LOC111115862,1,0,1
LOC111115869,1,2,-1
LOC111115873,3,2,1
LOC111115877,0,1,-1
LOC111115882,2,1,1
LOC111115885,2,1,1
LOC111115888,0,1,-1
LOC111115894,3,4,-1
LOC111115896,8,9,-1
LOC111115900,2,1,1
LOC111115902,1,0,1
LOC111115912,4,3,1
LOC111115920,3,2,1
LOC111115921,1,2,-1
LOC111115931,1,0,1
LOC111115933,0,1,-1
LOC111115938,2,3,-1
LOC111115940,2,1,1
LOC111115962,3,4,-1
LOC111115974,2,1,1
LOC111115979,4,2,2
LOC111115981,2,1,1
LOC111115982,0,1,-1
LOC111115986,1,2,-1
LOC111115991,1,0,1
LOC111115995,5,4,1
LOC111116003,0,4,-4
LOC111116010,1,0,1
LOC111116011,2,1,1
LOC111116017,2,4,-2
LOC111116037,2,1,1
LOC111116048,1,0,1
LOC111116053,3,0,3
LOC111116055,1,0,1
LOC111116056,3,2,1
LOC111116061,1,0,1
LOC111116063,1,0,1
LOC111116084,1,2,-1
LOC111116088,5,3,2
LOC111116098,6,4,2
LOC111116103,2,1,1
LOC111116105,1,0,1
LOC111116110,2,1,1
LOC111116114,1,0,1
LOC111116117,0,1,-1
LOC111116119,2,0,2
LOC111116124,4,3,1
LOC111116127,1,0,1
LOC111116128,4,2,2
LOC111116147,1,0,1
LOC111116156,3,4,-1
LOC111116175,0,1,-1
LOC111116193,1,2,-1
LOC111116201,1,2,-1
LOC111116212,0,1,-1
LOC111116218,2,1,1
LOC111116220,3,2,1
LOC111116228,0,1,-1
LOC111116242,0,1,-1
LOC111116244,0,1,-1
LOC111116258,2,1,1
LOC111116303,1,0,1
LOC111116496,1,0,1
LOC111116502,0,1,-1
LOC111116507,0,1,-1
LOC111116517,0,1,-1
LOC111116550,1,0,1
LOC111116552,1,0,1
LOC111116565,0,1,-1
LOC111116622,3,2,1
LOC111116624,0,1,-1
LOC111116626,1,2,-1
LOC111116632,2,1,1
LOC111116633,2,1,1
LOC111116638,1,0,1
LOC111116665,3,4,-1
LOC111116681,0,1,-1
LOC111116696,1,2,-1
LOC111116724,2,1,1
LOC111116730,2,3,-1
LOC111116747,3,6,-3
LOC111116752,6,3,3
LOC111116762,3,1,2
LOC111116769,3,4,-1
LOC111116787,3,2,1
LOC111116790,3,2,1
LOC111116794,2,1,1
LOC111116795,5,3,2
LOC111116803,1,2,-1
LOC111116814,1,3,-2
LOC111116820,1,0,1
LOC111116821,2,1,1
LOC111116828,1,2,-1
LOC111116840,5,3,2
LOC111116845,1,2,-1
LOC111116864,3,1,2
LOC111116869,8,7,1
LOC111116870,3,2,1
LOC111116874,2,1,1
LOC111116875,2,1,1
LOC111116896,0,1,-1
LOC111116899,0,1,-1
LOC111116900,0,1,-1
LOC111116901,0,1,-1
LOC111116907,0,1,-1
LOC111116908,2,3,-1
LOC111116912,2,1,1
LOC111116933,3,2,1
LOC111116934,0,1,-1
LOC111116942,3,1,2
LOC111116945,1,2,-1
LOC111116982,2,1,1
LOC111116986,1,0,1
LOC111116991,0,1,-1
LOC111117008,0,1,-1
LOC111117027,1,2,-1
LOC111117029,1,2,-1
LOC111117030,1,2,-1
LOC111117035,1,2,-1
LOC111117040,5,3,2
LOC111117047,3,1,2
LOC111117048,1,2,-1
LOC111117051,1,2,-1
LOC111117062,3,2,1
LOC111117064,1,0,1
LOC111117069,2,1,1
LOC111117076,0,1,-1
LOC111117080,0,1,-1
LOC111117104,1,2,-1
LOC111117113,2,1,1
LOC111117117,2,3,-1
LOC111117141,0,1,-1
LOC111117155,0,1,-1
LOC111117205,4,3,1
LOC111117207,5,4,1
LOC111117231,0,1,-1
LOC111117272,1,0,1
LOC111117303,1,2,-1
LOC111117310,4,3,1
LOC111117311,3,2,1
LOC111117316,2,1,1
LOC111117323,2,1,1
LOC111117330,11,10,1
LOC111117340,2,1,1
LOC111117346,3,1,2
LOC111117352,5,6,-1
LOC111117383,1,0,1
LOC111117385,3,4,-1
LOC111117400,3,4,-1
LOC111117417,15,14,1
LOC111117447,2,1,1
LOC111117454,3,2,1
LOC111117468,3,2,1
LOC111117474,2,1,1
LOC111117475,5,6,-1
LOC111117481,2,1,1
LOC111117491,2,1,1
LOC111117496,5,3,2
LOC111117512,2,1,1
LOC111117533,9,8,1
LOC111117538,1,2,-1
LOC111117559,0,1,-1
LOC111117564,1,0,1
LOC111117570,4,3,1
LOC111117571,2,1,1
LOC111117580,4,2,2
LOC111117584,2,1,1
LOC111117629,2,1,1
LOC111117644,0,1,-1
LOC111117659,2,1,1
LOC111117668,2,1,1
LOC111117671,0,1,-1
LOC111117700,1,2,-1
LOC111117707,1,2,-1
LOC111117735,9,6,3
LOC111117736,5,6,-1
LOC111117739,9,11,-2
LOC111117740,13,14,-1
LOC111117742,8,7,1
LOC111117745,6,5,1
LOC111117749,4,3,1
LOC111117750,4,3,1
LOC111117755,7,5,2
LOC111117771,2,3,-1
LOC111117802,2,1,1
LOC111117813,3,2,1
LOC111117833,1,2,-1
LOC111117839,0,1,-1
LOC111117881,2,1,1
LOC111117902,3,1,2
LOC111117926,3,2,1
LOC111117928,6,5,1
LOC111117930,2,1,1
LOC111117939,1,0,1
LOC111117958,0,1,-1
LOC111117968,4,3,1
LOC111117980,1,2,-1
LOC111117983,2,1,1
LOC111117987,2,1,1
LOC111118008,1,2,-1
LOC111118021,1,0,1
LOC111118022,2,1,1
LOC111118026,9,8,1
LOC111118032,2,1,1
LOC111118035,1,2,-1
LOC111118058,3,2,1
LOC111118116,1,2,-1
LOC111118172,1,2,-1
LOC111118174,2,1,1
LOC111118178,0,1,-1
LOC111118203,2,3,-1
LOC111118229,2,1,1
LOC111118234,3,4,-1
LOC111118239,10,9,1
LOC111118242,2,1,1
LOC111118257,8,7,1
LOC111118261,1,0,1
LOC111118269,1,2,-1
LOC111118272,3,2,1
LOC111118284,1,2,-1
LOC111118299,1,2,-1
LOC111118391,1,2,-1
LOC111118396,2,1,1
LOC111118399,2,1,1
LOC111118407,15,16,-1
LOC111118423,1,0,1
LOC111118424,3,4,-1
LOC111118432,2,1,1
LOC111118445,2,1,1
LOC111118447,2,3,-1
LOC111118449,3,4,-1
LOC111118458,2,1,1
LOC111118462,1,2,-1
LOC111118463,6,5,1
LOC111118470,1,3,-2
LOC111118486,3,2,1
LOC111118558,12,9,3
LOC111118570,7,6,1
LOC111118577,2,1,1
LOC111118578,2,1,1
LOC111118579,2,1,1
LOC111118584,2,1,1
LOC111118614,3,2,1
LOC111118622,2,3,-1
LOC111118639,0,1,-1
LOC111118654,7,8,-1
LOC111118657,2,3,-1
LOC111118672,3,2,1
LOC111118674,1,0,1
LOC111118684,6,7,-1
LOC111118691,1,2,-1
LOC111118695,2,1,1
LOC111118726,2,1,1
LOC111118732,1,2,-1
LOC111118736,1,0,1
LOC111118737,6,7,-1
LOC111118778,2,1,1
LOC111118784,0,1,-1
LOC111118785,0,1,-1
LOC111118802,2,1,1
LOC111118818,3,4,-1
LOC111118821,0,1,-1
LOC111118823,9,8,1
LOC111118837,0,1,-1
LOC111118843,23,21,2
LOC111118884,2,1,1
LOC111118900,1,2,-1
LOC111118906,3,4,-1
LOC111118929,0,1,-1
LOC111118944,7,6,1
LOC111118991,1,0,1
LOC111118992,13,12,1
LOC111118998,1,0,1
LOC111119008,19,13,6
LOC111119012,5,2,3
LOC111119016,5,3,2
LOC111119021,5,4,1
LOC111119030,4,3,1
LOC111119033,5,4,1
LOC111119124,11,10,1
LOC111119141,1,2,-1
LOC111119143,2,3,-1
LOC111119151,4,5,-1
LOC111119193,1,2,-1
LOC111119197,11,2,9
LOC111119220,5,6,-1
LOC111119226,8,7,1
LOC111119227,1,2,-1
LOC111119235,7,4,3
LOC111119267,4,3,1
LOC111119273,1,2,-1
LOC111119297,11,9,2
LOC111119298,2,3,-1
LOC111119299,2,1,1
LOC111119301,1,2,-1
LOC111119302,2,3,-1
LOC111119310,2,1,1
LOC111119319,4,6,-2
LOC111119326,3,2,1
LOC111119329,1,0,1
LOC111119334,2,3,-1
LOC111119335,1,0,1
LOC111119344,1,0,1
LOC111119355,3,2,1
LOC111119356,2,1,1
LOC111119371,7,6,1
LOC111119374,2,3,-1
LOC111119376,5,6,-1
LOC111119387,2,1,1
LOC111119414,2,1,1
LOC111119420,2,3,-1
LOC111119422,22,17,5
LOC111119423,1,0,1
LOC111119426,12,7,5
LOC111119467,2,3,-1
LOC111119502,2,1,1
LOC111119506,1,2,-1
LOC111119530,10,9,1
LOC111119532,7,8,-1
LOC111119534,1,2,-1
LOC111119546,2,1,1
LOC111119547,3,2,1
LOC111119562,5,4,1
LOC111119571,12,9,3
LOC111119574,7,6,1
LOC111119580,2,1,1
LOC111119582,5,3,2
LOC111119603,3,2,1
LOC111119607,6,4,2
LOC111119616,5,6,-1
LOC111119620,6,7,-1
LOC111119621,10,9,1
LOC111119643,6,5,1
LOC111119644,4,3,1
LOC111119680,4,2,2
LOC111119681,4,3,1
LOC111119705,2,1,1
LOC111119720,2,3,-1
LOC111119727,5,6,-1
LOC111119733,8,9,-1
LOC111119763,2,1,1
LOC111119770,2,1,1
LOC111119783,2,1,1
LOC111119787,1,2,-1
LOC111119792,2,1,1
LOC111119793,1,2,-1
LOC111119794,3,2,1
LOC111119800,3,2,1
LOC111119817,5,6,-1
LOC111119819,2,3,-1
LOC111119829,2,1,1
LOC111119843,1,2,-1
LOC111119859,6,7,-1
LOC111119866,5,4,1
LOC111119867,5,3,2
LOC111119902,0,1,-1
LOC111119925,3,1,2
LOC111119977,1,2,-1
LOC111119997,3,2,1
LOC111120008,4,3,1
LOC111120015,2,3,-1
LOC111120018,8,7,1
LOC111120027,3,2,1
LOC111120045,3,2,1
LOC111120061,0,1,-1
LOC111120068,5,3,2
LOC111120071,3,2,1
LOC111120077,3,4,-1
LOC111120097,1,0,1
LOC111120100,3,2,1
LOC111120106,3,2,1
LOC111120125,5,4,1
LOC111120163,0,1,-1
LOC111120198,1,0,1
LOC111120213,1,0,1
LOC111120239,1,0,1
LOC111120242,0,1,-1
LOC111120244,3,2,1
LOC111120262,6,7,-1
LOC111120289,1,0,1
LOC111120300,1,0,1
LOC111120329,0,1,-1
LOC111120367,0,1,-1
LOC111120378,1,0,1
LOC111120381,2,1,1
LOC111120403,1,0,1
LOC111120423,1,0,1
LOC111120428,0,1,-1
LOC111120458,2,1,1
LOC111120464,1,0,1
LOC111120465,1,0,1
LOC111120466,2,1,1
LOC111120467,2,3,-1
LOC111120470,2,1,1
LOC111120472,2,1,1
LOC111120479,4,3,1
LOC111120485,4,3,1
LOC111120487,1,2,-1
LOC111120510,3,2,1
LOC111120548,2,1,1
LOC111120563,3,2,1
LOC111120588,3,2,1
LOC111120593,8,6,2
LOC111120594,6,5,1
LOC111120598,7,6,1
LOC111120610,5,2,3
LOC111120635,2,1,1
LOC111120642,3,2,1
LOC111120646,6,5,1
LOC111120657,11,7,4
LOC111120658,2,1,1
LOC111120683,2,1,1
LOC111120684,3,4,-1
LOC111120689,3,1,2
LOC111120692,3,2,1
LOC111120727,3,2,1
LOC111120729,3,2,1
LOC111120749,4,3,1
LOC111120759,13,9,4
LOC111120761,4,6,-2
LOC111120778,5,6,-1
LOC111120789,2,1,1
LOC111120796,4,2,2
LOC111120802,1,2,-1
LOC111120805,5,4,1
LOC111120819,1,2,-1
LOC111120824,3,4,-1
LOC111120846,3,2,1
LOC111120857,1,2,-1
LOC111120859,0,1,-1
LOC111120874,8,7,1
LOC111120921,5,4,1
LOC111120933,3,4,-1
LOC111120967,6,4,2
LOC111120969,4,5,-1
LOC111121030,3,2,1
LOC111121068,7,6,1
LOC111121073,8,7,1
LOC111121141,4,5,-1
LOC111121152,1,2,-1
LOC111121172,2,1,1
LOC111121184,20,16,4
LOC111121186,5,3,2
LOC111121193,1,2,-1
LOC111121214,1,2,-1
LOC111121220,3,2,1
LOC111121258,2,1,1
LOC111121278,1,3,-2
LOC111121291,2,3,-1
LOC111121298,2,3,-1
LOC111121305,1,2,-1
LOC111121311,3,2,1
LOC111121313,11,12,-1
LOC111121331,2,1,1
LOC111121332,1,2,-1
LOC111121344,1,2,-1
LOC111121353,2,1,1
LOC111121354,2,1,1
LOC111121356,1,2,-1
LOC111121381,3,2,1
LOC111121396,1,2,-1
LOC111121405,7,4,3
LOC111121411,2,1,1
LOC111121412,3,1,2
LOC111121417,3,4,-1
LOC111121420,5,4,1
LOC111121445,2,0,2
LOC111121454,1,2,-1
LOC111121458,1,2,-1
LOC111121512,2,1,1
LOC111121521,3,2,1
LOC111121523,4,5,-1
LOC111121535,3,1,2
LOC111121537,1,3,-2
LOC111121565,3,4,-1
LOC111121570,1,2,-1
LOC111121612,3,1,2
LOC111121634,2,1,1
LOC111121651,1,2,-1
LOC111121668,1,2,-1
LOC111121700,1,2,-1
LOC111121712,5,6,-1
LOC111121733,7,6,1
LOC111121742,1,2,-1
LOC111121743,3,5,-2
LOC111121821,1,0,1
LOC111121839,15,11,4
LOC111121853,2,3,-1
LOC111121855,3,2,1
LOC111121882,2,3,-1
LOC111121901,4,3,1
LOC111121911,3,4,-1
LOC111121921,4,1,3
LOC111121930,2,1,1
LOC111121946,1,2,-1
LOC111121985,0,1,-1
LOC111121992,0,1,-1
LOC111121993,1,2,-1
LOC111121994,2,1,1
LOC111121995,2,1,1
LOC111122008,1,2,-1
LOC111122009,1,0,1
LOC111122047,5,2,3
LOC111122050,2,1,1
LOC111122071,2,3,-1
LOC111122072,6,5,1
LOC111122130,4,3,1
LOC111122144,2,3,-1
LOC111122145,8,9,-1
LOC111122147,1,0,1
LOC111122160,4,3,1
LOC111122167,3,2,1
LOC111122182,0,1,-1
LOC111122189,1,2,-1
LOC111122196,1,0,1
LOC111122205,4,2,2
LOC111122206,2,1,1
LOC111122216,2,1,1
LOC111122240,2,1,1
LOC111122241,2,3,-1
LOC111122267,1,0,1
LOC111122296,6,5,1
LOC111122299,4,2,2
LOC111122300,4,3,1
LOC111122302,1,2,-1
LOC111122304,2,1,1
LOC111122316,29,30,-1
LOC111122324,1,0,1
LOC111122329,7,5,2
LOC111122336,3,1,2
LOC111122342,9,8,1
LOC111122350,7,6,1
LOC111122356,3,1,2
LOC111122363,1,2,-1
LOC111122367,2,1,1
LOC111122373,1,0,1
LOC111122377,5,4,1
LOC111122408,1,2,-1
LOC111122419,4,2,2
LOC111122434,3,2,1
LOC111122458,1,0,1
LOC111122487,1,2,-1
LOC111122496,2,3,-1
LOC111122511,4,3,1
LOC111122521,2,1,1
LOC111122522,4,2,2
LOC111122540,5,7,-2
LOC111122541,2,1,1
LOC111122552,1,2,-1
LOC111122560,0,1,-1
LOC111122586,1,2,-1
LOC111122594,1,2,-1
LOC111122599,4,3,1
LOC111122602,8,7,1
LOC111122616,3,2,1
LOC111122621,2,1,1
LOC111122624,0,1,-1
LOC111122657,3,2,1
LOC111122665,3,2,1
LOC111122670,2,1,1
LOC111122680,2,1,1
LOC111122691,1,0,1
LOC111122706,5,3,2
LOC111122732,4,5,-1
LOC111122751,1,2,-1
LOC111122767,1,0,1
LOC111122769,1,0,1
LOC111122773,24,20,4
LOC111122801,9,7,2
LOC111122803,4,3,1
LOC111122812,0,2,-2
LOC111122828,2,3,-1
LOC111122831,1,2,-1
LOC111122834,2,1,1
LOC111122837,7,6,1
LOC111122844,0,1,-1
LOC111122852,7,8,-1
LOC111122855,2,3,-1
LOC111122864,1,2,-1
LOC111122881,2,1,1
LOC111122884,1,2,-1
LOC111122895,5,4,1
LOC111122912,2,1,1
LOC111122917,2,1,1
LOC111122918,2,1,1
LOC111122951,3,1,2
LOC111122954,1,2,-1
LOC111122990,4,1,3
LOC111122998,8,7,1
LOC111123006,2,1,1
LOC111123016,1,0,1
LOC111123053,1,0,1
LOC111123071,1,0,1
LOC111123075,2,1,1
LOC111123099,2,1,1
LOC111123122,0,1,-1
LOC111123132,4,5,-1
LOC111123135,2,1,1
LOC111123137,2,1,1
LOC111123147,2,1,1
LOC111123164,2,1,1
LOC111123168,4,3,1
LOC111123177,3,1,2
LOC111123218,4,3,1
LOC111123246,1,2,-1
LOC111123247,1,2,-1
LOC111123273,3,2,1
LOC111123294,2,1,1
LOC111123321,1,2,-1
LOC111123324,3,1,2
LOC111123341,2,4,-2
LOC111123342,2,1,1
LOC111123356,1,2,-1
LOC111123361,2,1,1
LOC111123368,1,3,-2
LOC111123402,1,3,-2
LOC111123409,3,4,-1
LOC111123429,1,4,-3
LOC111123430,0,1,-1
LOC111123435,3,2,1
LOC111123460,11,13,-2
LOC111123472,2,1,1
LOC111123480,3,2,1
LOC111123486,2,5,-3
LOC111123493,8,7,1
LOC111123497,4,3,1
LOC111123514,1,2,-1
LOC111123520,1,0,1
LOC111123550,7,0,7
LOC111123556,7,8,-1
LOC111123558,1,3,-2
LOC111123575,6,9,-3
LOC111123618,1,2,-1
LOC111123619,2,1,1
LOC111123630,2,3,-1
LOC111123647,1,2,-1
LOC111123652,1,2,-1
LOC111123661,4,5,-1
LOC111123667,2,1,1
LOC111123685,1,0,1
LOC111123689,1,2,-1
LOC111123691,12,10,2
LOC111123692,5,2,3
LOC111123699,2,1,1
LOC111123721,2,1,1
LOC111123731,4,2,2
LOC111123743,14,10,4
LOC111123745,2,3,-1
LOC111123755,3,1,2
LOC111123756,1,2,-1
LOC111123779,2,1,1
LOC111123780,1,0,1
LOC111123790,7,5,2
LOC111123798,2,1,1
LOC111123802,14,12,2
LOC111123849,9,8,1
LOC111123888,1,3,-2
LOC111123890,27,26,1
LOC111123904,7,5,2
LOC111123905,3,2,1
LOC111123910,15,11,4
LOC111123922,3,1,2
LOC111123926,4,2,2
LOC111123935,2,1,1
LOC111123938,6,4,2
LOC111123943,2,1,1
LOC111123956,2,1,1
LOC111123977,1,0,1
LOC111123979,6,7,-1
LOC111123992,4,3,1
LOC111123993,11,9,2
LOC111123995,3,4,-1
LOC111124002,9,8,1
LOC111124018,6,7,-1
LOC111124022,5,3,2
LOC111124036,11,10,1
LOC111124056,1,0,1
LOC111124124,0,1,-1
LOC111124127,0,1,-1
LOC111124180,0,1,-1
LOC111124272,1,0,1
LOC111124281,0,1,-1
LOC111124370,1,0,1
LOC111124417,1,0,1
LOC111124466,16,20,-4
LOC111124468,3,2,1
LOC111124480,3,2,1
LOC111124486,1,3,-2
LOC111124489,3,5,-2
LOC111124492,2,1,1
LOC111124493,17,4,13
LOC111124494,11,12,-1
LOC111124495,2,1,1
LOC111124497,1,0,1
LOC111124502,3,1,2
LOC111124513,1,2,-1
LOC111124528,3,4,-1
LOC111124554,9,11,-2
LOC111124572,2,1,1
LOC111124602,0,1,-1
LOC111124618,3,4,-1
LOC111124621,5,4,1
LOC111124628,1,0,1
LOC111124632,2,1,1
LOC111124635,3,2,1
LOC111124641,6,7,-1
LOC111124642,19,13,6
LOC111124659,3,2,1
LOC111124662,6,5,1
LOC111124664,1,0,1
LOC111124671,4,3,1
LOC111124674,3,4,-1
LOC111124678,1,2,-1
LOC111124679,1,2,-1
LOC111124680,0,1,-1
LOC111124681,2,1,1
LOC111124682,2,1,1
LOC111124691,1,0,1
LOC111124719,9,6,3
LOC111124729,5,6,-1
LOC111124736,1,0,1
LOC111124737,1,0,1
LOC111124772,4,2,2
LOC111124773,4,5,-1
LOC111124779,2,1,1
LOC111124789,2,1,1
LOC111124808,5,2,3
LOC111124842,3,1,2
LOC111124845,3,2,1
LOC111124857,0,1,-1
LOC111124858,0,1,-1
LOC111124859,4,3,1
LOC111124864,3,2,1
LOC111124870,2,1,1
LOC111124873,3,2,1
LOC111124893,4,5,-1
LOC111124904,11,10,1
LOC111124905,3,4,-1
LOC111124909,4,5,-1
LOC111124917,4,3,1
LOC111124923,1,2,-1
LOC111124933,2,1,1
LOC111124936,2,1,1
LOC111124944,15,16,-1
LOC111124953,4,2,2
LOC111124959,2,1,1
LOC111124962,4,5,-1
LOC111124999,6,5,1
LOC111125000,2,1,1
LOC111125004,6,4,2
LOC111125008,4,2,2
LOC111125027,4,5,-1
LOC111125030,6,7,-1
LOC111125032,8,5,3
LOC111125043,6,5,1
LOC111125082,1,0,1
LOC111125086,3,2,1
LOC111125116,5,6,-1
LOC111125149,1,2,-1
LOC111125151,3,4,-1
LOC111125156,2,1,1
LOC111125161,2,1,1
LOC111125174,2,1,1
LOC111125185,0,1,-1
LOC111125204,5,4,1
LOC111125207,4,2,2
LOC111125208,3,5,-2
LOC111125219,3,2,1
LOC111125230,6,7,-1
LOC111125243,2,3,-1
LOC111125257,0,1,-1
LOC111125263,2,1,1
LOC111125268,3,2,1
LOC111125269,1,0,1
LOC111125313,3,1,2
LOC111125314,5,4,1
LOC111125317,1,3,-2
LOC111125320,21,20,1
LOC111125330,25,23,2
LOC111125338,2,7,-5
LOC111125347,5,4,1
LOC111125351,2,1,1
LOC111125355,4,6,-2
LOC111125365,4,3,1
LOC111125378,2,1,1
LOC111125395,4,3,1
LOC111125411,2,1,1
LOC111125422,1,0,1
LOC111125432,2,1,1
LOC111125436,3,2,1
LOC111125437,8,4,4
LOC111125441,4,5,-1
LOC111125443,5,6,-1
LOC111125448,2,1,1
LOC111125451,2,1,1
LOC111125463,28,27,1
LOC111125464,1,2,-1
LOC111125481,1,3,-2
LOC111125488,4,6,-2
LOC111125490,4,3,1
LOC111125497,0,1,-1
LOC111125504,8,6,2
LOC111125513,3,2,1
LOC111125514,2,3,-1
LOC111125530,1,2,-1
LOC111125535,1,3,-2
LOC111125538,4,5,-1
LOC111125544,6,5,1
LOC111125569,1,2,-1
LOC111125570,4,5,-1
LOC111125577,7,6,1
LOC111125586,1,0,1
LOC111125590,5,3,2
LOC111125594,3,5,-2
LOC111125596,2,1,1
LOC111125608,1,0,1
LOC111125634,6,7,-1
LOC111125656,3,4,-1
LOC111125663,9,7,2
LOC111125677,3,4,-1
LOC111125678,2,0,2
LOC111125688,2,1,1
LOC111125695,2,1,1
LOC111125720,4,3,1
LOC111125722,1,0,1
LOC111125734,2,1,1
LOC111125740,5,3,2
LOC111125764,15,12,3
LOC111125767,4,3,1
LOC111125774,2,3,-1
LOC111125786,3,2,1
LOC111125792,1,2,-1
LOC111125802,9,8,1
LOC111125810,2,3,-1
LOC111125833,13,12,1
LOC111125839,7,8,-1
LOC111125844,1,2,-1
LOC111125851,4,3,1
LOC111125855,2,1,1
LOC111125859,2,3,-1
LOC111125861,2,3,-1
LOC111125881,3,2,1
LOC111125885,5,6,-1
LOC111125897,4,5,-1
LOC111125905,5,6,-1
LOC111125906,10,9,1
LOC111125927,2,1,1
LOC111125935,2,1,1
LOC111125942,17,19,-2
LOC111125947,2,1,1
LOC111125951,2,1,1
LOC111125962,3,2,1
LOC111125971,1,2,-1
LOC111125978,2,3,-1
LOC111125985,3,2,1
LOC111125994,2,4,-2
LOC111125997,2,1,1
LOC111125999,7,8,-1
LOC111126007,6,7,-1
LOC111126021,2,1,1
LOC111126032,3,1,2
LOC111126089,1,0,1
LOC111126091,1,2,-1
LOC111126094,2,1,1
LOC111126112,3,2,1
LOC111126126,1,0,1
LOC111126152,2,1,1
LOC111126169,1,2,-1
LOC111126172,2,4,-2
LOC111126189,2,1,1
LOC111126215,2,3,-1
LOC111126223,4,3,1
LOC111126232,2,1,1
LOC111126248,2,1,1
LOC111126251,5,4,1
LOC111126252,3,4,-1
LOC111126257,3,2,1
LOC111126272,2,1,1
LOC111126293,3,2,1
LOC111126303,2,1,1
LOC111126309,3,2,1
LOC111126326,2,1,1
LOC111126345,3,2,1
LOC111126352,14,10,4
LOC111126380,2,1,1
LOC111126387,3,1,2
LOC111126399,3,4,-1
LOC111126402,5,6,-1
LOC111126407,2,1,1
LOC111126409,4,2,2
LOC111126413,3,1,2
LOC111126421,5,3,2
LOC111126443,2,3,-1
LOC111126452,1,2,-1
LOC111126455,13,14,-1
LOC111126457,5,3,2
LOC111126459,2,1,1
LOC111126476,1,0,1
LOC111126478,2,3,-1
LOC111126488,1,0,1
LOC111126530,1,2,-1
LOC111126542,1,0,1
LOC111126549,3,4,-1
LOC111126552,1,2,-1
LOC111126586,6,7,-1
LOC111126587,7,6,1
LOC111126592,1,2,-1
LOC111126599,3,1,2
LOC111126607,2,1,1
LOC111126615,1,0,1
LOC111126624,6,5,1
LOC111126627,2,1,1
LOC111126640,1,0,1
LOC111126644,1,2,-1
LOC111126649,2,1,1
LOC111126654,2,1,1
LOC111126655,1,0,1
LOC111126671,1,2,-1
LOC111126673,8,7,1
LOC111126685,0,1,-1
LOC111126686,3,2,1
LOC111126691,2,1,1
LOC111126693,5,2,3
LOC111126694,2,3,-1
LOC111126713,1,2,-1
LOC111126715,3,4,-1
LOC111126734,2,1,1
LOC111126745,4,3,1
LOC111126755,0,1,-1
LOC111126760,4,3,1
LOC111126761,6,4,2
LOC111126791,7,6,1
LOC111126810,11,12,-1
LOC111126828,16,14,2
LOC111126832,1,0,1
LOC111126845,2,1,1
LOC111126849,1,0,1
LOC111126850,1,0,1
LOC111126852,1,2,-1
LOC111126856,1,2,-1
LOC111126881,3,2,1
LOC111126898,1,0,1
LOC111126901,4,3,1
LOC111126903,2,3,-1
LOC111126914,4,3,1
LOC111126964,2,1,1
LOC111126993,5,4,1
LOC111126995,2,1,1
LOC111127004,2,3,-1
LOC111127043,5,1,4
LOC111127046,3,2,1
LOC111127048,5,6,-1
LOC111127049,4,2,2
LOC111127063,0,1,-1
LOC111127064,5,3,2
LOC111127066,1,0,1
LOC111127079,4,3,1
LOC111127083,1,0,1
LOC111127092,1,0,1
LOC111127139,4,1,3
LOC111127145,4,3,1
LOC111127180,1,2,-1
LOC111127188,2,1,1
LOC111127193,2,3,-1
LOC111127206,1,0,1
LOC111127211,2,1,1
LOC111127221,2,1,1
LOC111127264,3,2,1
LOC111127287,0,1,-1
LOC111127310,6,3,3
LOC111127311,3,2,1
LOC111127316,3,2,1
LOC111127340,1,0,1
LOC111127343,5,3,2
LOC111127349,1,0,1
LOC111127351,7,8,-1
LOC111127366,3,1,2
LOC111127373,0,1,-1
LOC111127375,1,0,1
LOC111127377,1,2,-1
LOC111127378,1,2,-1
LOC111127379,1,2,-1
LOC111127414,4,3,1
LOC111127461,2,1,1
LOC111127462,2,1,1
LOC111127487,6,3,3
LOC111127491,1,2,-1
LOC111127544,1,0,1
LOC111127545,1,0,1
LOC111127569,3,2,1
LOC111127570,2,1,1
LOC111127572,1,2,-1
LOC111127587,2,3,-1
LOC111127590,2,3,-1
LOC111127604,1,0,1
LOC111127623,0,2,-2
LOC111127640,1,2,-1
LOC111127642,4,5,-1
LOC111127644,4,3,1
LOC111127692,1,0,1
LOC111127733,2,1,1
LOC111127749,3,2,1
LOC111127755,1,0,1
LOC111127765,3,2,1
LOC111127810,2,3,-1
LOC111127823,2,1,1
LOC111127846,4,5,-1
LOC111127852,1,2,-1
LOC111127860,2,1,1
LOC111127862,6,5,1
LOC111127906,8,10,-2
LOC111127908,1,2,-1
LOC111127975,7,6,1
LOC111127981,15,14,1
LOC111127991,3,2,1
LOC111127992,3,2,1
LOC111127993,3,2,1
LOC111127994,4,2,2
LOC111128012,0,1,-1
LOC111128029,8,9,-1
LOC111128033,4,2,2
LOC111128034,4,3,1
LOC111128040,5,4,1
LOC111128067,3,2,1
LOC111128069,2,1,1
LOC111128074,1,3,-2
LOC111128078,2,1,1
LOC111128085,13,11,2
LOC111128093,7,4,3
LOC111128099,3,4,-1
LOC111128120,1,0,1
LOC111128150,5,3,2
LOC111128152,2,1,1
LOC111128163,1,2,-1
LOC111128183,3,2,1
LOC111128195,2,3,-1
LOC111128224,2,1,1
LOC111128230,1,0,1
LOC111128241,1,2,-1
LOC111128242,3,2,1
LOC111128244,11,5,6
LOC111128249,0,1,-1
LOC111128256,3,5,-2
LOC111128261,0,1,-1
LOC111128266,4,3,1
LOC111128277,3,2,1
LOC111128281,1,2,-1
LOC111128313,4,3,1
LOC111128348,1,2,-1
LOC111128356,1,0,1
LOC111128360,3,4,-1
LOC111128368,1,2,-1
LOC111128424,2,3,-1
LOC111128425,4,3,1
LOC111128434,1,0,1
LOC111128437,3,2,1
LOC111128486,2,1,1
LOC111128488,2,1,1
LOC111128494,0,1,-1
LOC111128513,2,1,1
LOC111128531,7,5,2
LOC111128533,8,7,1
LOC111128549,4,3,1
LOC111128600,2,3,-1
LOC111128602,2,1,1
LOC111128618,2,1,1
LOC111128628,2,1,1
LOC111128644,2,1,1
LOC111128645,1,2,-1
LOC111128651,0,1,-1
LOC111128656,4,1,3
LOC111128660,3,1,2
LOC111128668,1,2,-1
LOC111128686,0,1,-1
LOC111128698,9,7,2
LOC111128713,3,2,1
LOC111128721,7,6,1
LOC111128722,3,4,-1
LOC111128725,3,4,-1
LOC111128734,8,6,2
LOC111128746,9,6,3
LOC111128760,1,0,1
LOC111128761,3,2,1
LOC111128771,1,2,-1
LOC111128790,2,3,-1
LOC111128803,10,9,1
LOC111128821,7,5,2
LOC111128827,3,1,2
LOC111128838,5,4,1
LOC111128852,5,4,1
LOC111128871,11,8,3
LOC111128873,2,4,-2
LOC111128878,8,7,1
LOC111128883,18,16,2
LOC111128913,5,4,1
LOC111128914,2,1,1
LOC111128917,2,1,1
LOC111128928,3,2,1
LOC111128933,8,7,1
LOC111128979,11,10,1
LOC111128990,5,4,1
LOC111128999,2,1,1
LOC111129007,3,4,-1
LOC111129023,4,2,2
LOC111129025,2,1,1
LOC111129041,2,1,1
LOC111129045,0,1,-1
LOC111129075,0,1,-1
LOC111129076,3,4,-1
LOC111129079,4,3,1
LOC111129088,14,13,1
LOC111129092,6,5,1
LOC111129094,5,6,-1
LOC111129123,1,2,-1
LOC111129131,8,5,3
LOC111129135,1,0,1
LOC111129162,20,17,3
LOC111129163,5,4,1
LOC111129177,8,9,-1
LOC111129193,5,4,1
LOC111129198,2,1,1
LOC111129214,2,1,1
LOC111129230,0,2,-2
LOC111129252,4,3,1
LOC111129267,5,2,3
LOC111129269,6,4,2
LOC111129275,1,2,-1
LOC111129334,7,6,1
LOC111129337,3,2,1
LOC111129348,6,5,1
LOC111129352,6,5,1
LOC111129376,4,3,1
LOC111129377,3,2,1
LOC111129393,1,2,-1
LOC111129397,3,2,1
LOC111129402,1,3,-2
LOC111129422,1,0,1
LOC111129431,3,2,1
LOC111129432,2,3,-1
LOC111129449,1,0,1
LOC111129459,5,1,4
LOC111129471,2,0,2
LOC111129473,3,1,2
LOC111129478,5,3,2
LOC111129480,2,1,1
LOC111129492,2,1,1
LOC111129499,5,6,-1
LOC111129510,1,0,1
LOC111129512,8,5,3
LOC111129523,1,2,-1
LOC111129549,1,0,1
LOC111129630,1,0,1
LOC111129634,1,0,1
LOC111129646,0,1,-1
LOC111129668,1,2,-1
LOC111129693,6,5,1
LOC111129854,1,0,1
LOC111129899,9,8,1
LOC111129906,3,2,1
LOC111129912,4,3,1
LOC111129914,2,3,-1
LOC111129922,3,4,-1
LOC111129930,2,3,-1
LOC111129967,6,5,1
LOC111129974,1,2,-1
LOC111129975,23,22,1
LOC111129993,0,1,-1
LOC111130004,2,1,1
LOC111130021,3,2,1
LOC111130063,4,3,1
LOC111130107,6,5,1
LOC111130110,2,3,-1
LOC111130111,6,4,2
LOC111130114,2,3,-1
LOC111130126,2,1,1
LOC111130132,1,0,1
LOC111130136,2,1,1
LOC111130148,1,2,-1
LOC111130153,2,3,-1
LOC111130159,2,1,1
LOC111130168,2,3,-1
LOC111130175,3,2,1
LOC111130179,3,2,1
LOC111130194,6,5,1
LOC111130197,1,2,-1
LOC111130202,1,0,1
LOC111130203,4,3,1
LOC111130209,4,3,1
LOC111130211,2,1,1
LOC111130224,1,2,-1
LOC111130248,2,1,1
LOC111130249,4,3,1
LOC111130250,2,3,-1
LOC111130267,4,3,1
LOC111130273,3,2,1
LOC111130286,5,6,-1
LOC111130297,23,30,-7
LOC111130304,2,1,1
LOC111130306,2,3,-1
LOC111130316,3,2,1
LOC111130317,2,3,-1
LOC111130323,6,4,2
LOC111130332,6,5,1
LOC111130338,9,8,1
LOC111130339,2,1,1
LOC111130340,3,4,-1
LOC111130343,7,6,1
LOC111130345,3,4,-1
LOC111130353,12,13,-1
LOC111130369,5,7,-2
LOC111130375,3,4,-1
LOC111130382,1,0,1
LOC111130384,5,4,1
LOC111130387,2,3,-1
LOC111130388,2,1,1
LOC111130390,3,2,1
LOC111130398,7,6,1
LOC111130400,2,3,-1
LOC111130408,4,5,-1
LOC111130420,2,1,1
LOC111130427,2,1,1
LOC111130484,5,3,2
LOC111130487,13,15,-2
LOC111130494,0,1,-1
LOC111130506,2,1,1
LOC111130518,4,3,1
LOC111130556,1,0,1
LOC111130574,4,3,1
LOC111130578,1,2,-1
LOC111130579,4,3,1
LOC111130597,2,1,1
LOC111130616,0,1,-1
LOC111130631,0,1,-1
LOC111130648,2,1,1
LOC111130651,4,6,-2
LOC111130652,2,1,1
LOC111130673,7,5,2
LOC111130700,3,2,1
LOC111130704,9,8,1
LOC111130720,3,2,1
LOC111130739,4,3,1
LOC111130761,4,3,1
LOC111130781,2,1,1
LOC111130797,3,2,1
LOC111130853,4,3,1
LOC111130871,2,1,1
LOC111130872,2,1,1
LOC111130892,2,3,-1
LOC111130917,2,1,1
LOC111130943,2,3,-1
LOC111130951,7,8,-1
LOC111130964,1,2,-1
LOC111130972,1,2,-1
LOC111130996,3,1,2
LOC111131028,4,2,2
LOC111131031,3,4,-1
LOC111131060,2,1,1
LOC111131080,4,5,-1
LOC111131099,16,17,-1
LOC111131114,2,1,1
LOC111131133,2,1,1
LOC111131137,3,2,1
LOC111131143,3,2,1
LOC111131147,14,15,-1
LOC111131152,0,1,-1
LOC111131157,2,1,1
LOC111131173,1,2,-1
LOC111131199,2,1,1
LOC111131213,2,1,1
LOC111131217,2,1,1
LOC111131220,5,4,1
LOC111131232,10,9,1
LOC111131233,0,1,-1
LOC111131237,1,2,-1
LOC111131249,2,1,1
LOC111131266,9,7,2
LOC111131294,3,1,2
LOC111131301,13,12,1
LOC111131305,2,1,1
LOC111131312,2,1,1
LOC111131361,1,2,-1
LOC111131388,2,1,1
LOC111131389,2,3,-1
LOC111131396,3,2,1
LOC111131397,5,4,1
LOC111131418,6,7,-1
LOC111131430,2,1,1
LOC111131437,16,17,-1
LOC111131447,5,3,2
LOC111131452,1,0,1
LOC111131469,1,0,1
LOC111131474,3,2,1
LOC111131477,2,1,1
LOC111131489,4,3,1
LOC111131490,4,2,2
LOC111131505,12,11,1
LOC111131516,1,2,-1
LOC111131519,3,2,1
LOC111131550,2,1,1
LOC111131560,1,2,-1
LOC111131563,16,14,2
LOC111131568,1,3,-2
LOC111131584,1,0,1
LOC111131606,0,1,-1
LOC111131629,1,2,-1
LOC111131661,8,5,3
LOC111131679,2,1,1
LOC111131689,0,2,-2
LOC111131725,2,1,1
LOC111131726,6,5,1
LOC111131765,3,2,1
LOC111131785,3,2,1
LOC111131789,2,1,1
LOC111131793,1,2,-1
LOC111131805,8,7,1
LOC111131846,1,2,-1
LOC111131855,3,1,2
LOC111131871,20,18,2
LOC111131872,5,4,1
LOC111131963,5,4,1
LOC111132029,3,2,1
LOC111132100,3,1,2
LOC111132107,7,6,1
LOC111132115,2,6,-4
LOC111132161,3,1,2
LOC111132178,7,6,1
LOC111132200,4,3,1
LOC111132201,2,1,1
LOC111132213,6,3,3
LOC111132236,0,1,-1
LOC111132253,0,1,-1
LOC111132269,3,2,1
LOC111132296,2,1,1
LOC111132298,1,0,1
LOC111132299,3,1,2
LOC111132310,0,1,-1
LOC111132334,1,0,1
LOC111132353,1,0,1
LOC111132366,1,2,-1
LOC111132370,0,1,-1
LOC111132372,0,1,-1
LOC111132380,0,1,-1
LOC111132403,0,1,-1
LOC111132404,1,0,1
LOC111132405,0,1,-1
LOC111132409,6,5,1
LOC111132455,0,1,-1
LOC111132477,0,1,-1
LOC111132478,0,1,-1
LOC111132545,2,1,1
LOC111132603,3,2,1
LOC111132606,0,1,-1
LOC111132607,1,0,1
LOC111132631,1,0,1
LOC111132632,1,0,1
LOC111132659,0,1,-1
LOC111132661,0,1,-1
LOC111132663,2,1,1
LOC111132693,0,1,-1
LOC111132705,1,0,1
LOC111132721,0,1,-1
LOC111132726,2,1,1
LOC111132735,0,1,-1
LOC111132738,1,0,1
LOC111132760,1,0,1
LOC111132764,1,0,1
LOC111132770,0,1,-1
LOC111132775,1,0,1
LOC111132802,4,1,3
LOC111132823,1,0,1
LOC111132825,3,2,1
LOC111132828,2,1,1
LOC111132848,4,3,1
LOC111132849,0,1,-1
LOC111132856,6,3,3
LOC111132865,10,8,2
LOC111132879,8,9,-1
LOC111132892,2,1,1
LOC111132899,2,1,1
LOC111132914,2,1,1
LOC111132922,22,12,10
LOC111132924,10,8,2
LOC111132926,2,3,-1
LOC111132933,3,2,1
LOC111132939,5,6,-1
LOC111132950,3,2,1
LOC111132961,2,1,1
LOC111132966,14,13,1
LOC111132967,1,0,1
LOC111132981,2,1,1
LOC111132985,8,9,-1
LOC111132988,4,5,-1
LOC111132993,2,1,1
LOC111132994,1,3,-2
LOC111133009,5,6,-1
LOC111133036,2,1,1
LOC111133041,5,6,-1
LOC111133062,7,8,-1
LOC111133066,4,3,1
LOC111133084,10,9,1
LOC111133088,1,2,-1
LOC111133089,3,2,1
LOC111133103,2,1,1
LOC111133105,1,0,1
LOC111133106,6,5,1
LOC111133114,1,0,1
LOC111133121,2,1,1
LOC111133162,2,1,1
LOC111133178,3,2,1
LOC111133200,1,2,-1
LOC111133201,0,1,-1
LOC111133218,3,5,-2
LOC111133236,1,0,1
LOC111133277,2,1,1
LOC111133278,3,2,1
LOC111133279,2,1,1
LOC111133280,3,2,1
LOC111133281,10,8,2
LOC111133311,2,3,-1
LOC111133314,0,1,-1
LOC111133350,10,12,-2
LOC111133352,3,2,1
LOC111133367,1,2,-1
LOC111133377,2,1,1
LOC111133383,2,3,-1
LOC111133390,3,4,-1
LOC111133392,2,3,-1
LOC111133393,2,1,1
LOC111133394,3,2,1
LOC111133401,4,2,2
LOC111133402,0,1,-1
LOC111133403,13,15,-2
LOC111133410,0,1,-1
LOC111133416,1,0,1
LOC111133421,4,2,2
LOC111133422,3,2,1
LOC111133443,5,4,1
LOC111133490,2,1,1
LOC111133506,7,8,-1
LOC111133512,0,1,-1
LOC111133545,2,1,1
LOC111133552,1,0,1
LOC111133553,1,2,-1
LOC111133560,2,1,1
LOC111133578,3,4,-1
LOC111133579,2,3,-1
LOC111133581,1,2,-1
LOC111133600,4,3,1
LOC111133618,4,3,1
LOC111133625,1,0,1
LOC111133626,1,0,1
LOC111133629,4,3,1
LOC111133630,1,2,-1
LOC111133637,2,1,1
LOC111133643,2,1,1
LOC111133646,3,2,1
LOC111133660,2,1,1
LOC111133663,2,1,1
LOC111133666,28,18,10
LOC111133681,4,2,2
LOC111133691,1,2,-1
LOC111133692,5,4,1
LOC111133698,3,2,1
LOC111133730,2,1,1
LOC111133743,0,1,-1
LOC111133746,0,1,-1
LOC111133747,2,1,1
LOC111133757,2,1,1
LOC111133770,1,2,-1
LOC111133775,2,1,1
LOC111133802,3,2,1
LOC111133813,1,2,-1
LOC111133830,0,1,-1
LOC111133832,1,0,1
LOC111133833,3,2,1
LOC111133835,2,3,-1
LOC111133838,3,2,1
LOC111133866,0,1,-1
LOC111133877,4,2,2
LOC111133878,2,1,1
LOC111133891,10,6,4
LOC111133904,2,1,1
LOC111133916,2,1,1
LOC111133929,1,2,-1
LOC111133952,0,1,-1
LOC111133962,1,0,1
LOC111133968,1,0,1
LOC111133991,0,1,-1
LOC111133995,8,6,2
LOC111134003,1,2,-1
LOC111134009,4,3,1
LOC111134014,1,2,-1
LOC111134016,0,1,-1
LOC111134044,1,2,-1
LOC111134047,6,5,1
LOC111134076,5,4,1
LOC111134093,6,5,1
LOC111134110,2,1,1
LOC111134125,2,0,2
LOC111134136,2,1,1
LOC111134139,4,3,1
LOC111134168,1,2,-1
LOC111134173,0,1,-1
LOC111134181,5,4,1
LOC111134197,0,1,-1
LOC111134218,3,1,2
LOC111134221,1,0,1
LOC111134228,2,3,-1
LOC111134237,5,3,2
LOC111134239,5,6,-1
LOC111134240,1,2,-1
LOC111134256,6,5,1
LOC111134258,3,2,1
LOC111134261,2,1,1
LOC111134262,1,2,-1
LOC111134267,3,4,-1
LOC111134272,1,2,-1
LOC111134285,1,0,1
LOC111134302,1,2,-1
LOC111134304,4,5,-1
LOC111134309,3,4,-1
LOC111134310,1,0,1
LOC111134319,4,1,3
LOC111134324,6,5,1
LOC111134338,2,1,1
LOC111134365,2,1,1
LOC111134383,0,1,-1
LOC111134385,0,1,-1
LOC111134403,1,2,-1
LOC111134409,6,5,1
LOC111134415,0,1,-1
LOC111134417,10,8,2
LOC111134429,1,2,-1
LOC111134448,0,1,-1
LOC111134464,4,5,-1
LOC111134465,6,5,1
LOC111134466,3,1,2
LOC111134469,2,1,1
LOC111134473,8,10,-2
LOC111134486,1,2,-1
LOC111134488,2,1,1
LOC111134489,3,2,1
LOC111134494,2,1,1
LOC111134504,1,2,-1
LOC111134507,2,3,-1
LOC111134509,6,5,1
LOC111134534,4,3,1
LOC111134552,2,1,1
LOC111134572,13,10,3
LOC111134588,2,1,1
LOC111134604,1,2,-1
LOC111134618,4,2,2
LOC111134619,2,3,-1
LOC111134620,2,3,-1
LOC111134623,3,1,2
LOC111134624,3,2,1
LOC111134626,1,0,1
LOC111134632,4,5,-1
LOC111134633,16,15,1
LOC111134677,2,1,1
LOC111134678,4,3,1
LOC111134686,6,5,1
LOC111134694,5,6,-1
LOC111134699,3,2,1
LOC111134702,8,7,1
LOC111134711,4,3,1
LOC111134727,1,2,-1
LOC111134737,11,12,-1
LOC111134752,2,1,1
LOC111134775,3,2,1
LOC111134784,1,3,-2
LOC111134790,8,12,-4
LOC111134793,2,3,-1
LOC111134801,2,1,1
LOC111134802,1,3,-2
LOC111134804,5,3,2
LOC111134809,1,2,-1
LOC111134836,2,1,1
LOC111134843,10,11,-1
LOC111134847,1,2,-1
LOC111134855,6,7,-1
LOC111134858,9,10,-1
LOC111134864,6,5,1
LOC111134872,6,5,1
LOC111134876,6,5,1
LOC111134883,1,0,1
LOC111134897,2,1,1
LOC111134909,2,1,1
LOC111134917,1,0,1
LOC111134918,1,0,1
LOC111134924,1,0,1
LOC111134926,2,1,1
LOC111134928,13,5,8
LOC111134935,6,4,2
LOC111134937,1,2,-1
LOC111134950,6,7,-1
LOC111134958,2,1,1
LOC111134966,7,6,1
LOC111134976,2,3,-1
LOC111134985,0,1,-1
LOC111134988,2,1,1
LOC111134996,5,6,-1
LOC111134998,7,4,3
LOC111135012,1,2,-1
LOC111135020,1,2,-1
LOC111135021,3,1,2
LOC111135022,3,2,1
LOC111135045,2,1,1
LOC111135074,3,4,-1
LOC111135129,1,2,-1
LOC111135135,15,14,1
LOC111135136,3,4,-1
LOC111135152,5,4,1
LOC111135171,26,23,3
LOC111135181,3,2,1
LOC111135186,5,4,1
LOC111135209,8,6,2
LOC111135216,4,3,1
LOC111135226,4,5,-1
LOC111135233,1,2,-1
LOC111135239,3,4,-1
LOC111135253,7,6,1
LOC111135259,2,3,-1
LOC111135261,2,1,1
LOC111135266,3,2,1
LOC111135267,3,2,1
LOC111135268,0,1,-1
LOC111135269,0,1,-1
LOC111135278,3,4,-1
LOC111135288,2,1,1
LOC111135289,2,1,1
LOC111135302,2,1,1
LOC111135322,1,3,-2
LOC111135347,3,2,1
LOC111135350,7,8,-1
LOC111135363,11,10,1
LOC111135371,7,8,-1
LOC111135377,1,2,-1
LOC111135397,2,1,1
LOC111135409,4,3,1
LOC111135425,1,0,1
LOC111135429,2,1,1
LOC111135435,1,2,-1
LOC111135443,5,4,1
LOC111135463,8,3,5
LOC111135471,3,4,-1
LOC111135477,8,6,2
LOC111135488,2,3,-1
LOC111135500,2,3,-1
LOC111135511,3,2,1
LOC111135518,5,3,2
LOC111135541,8,5,3
LOC111135563,8,4,4
LOC111135569,9,6,3
LOC111135576,2,1,1
LOC111135588,7,8,-1
LOC111135590,2,1,1
LOC111135602,2,3,-1
LOC111135603,2,1,1
LOC111135612,2,1,1
LOC111135633,3,2,1
LOC111135637,7,8,-1
LOC111135666,1,2,-1
LOC111135673,1,2,-1
LOC111135721,6,5,1
LOC111135744,4,3,1
LOC111135772,2,1,1
LOC111135781,1,2,-1
LOC111135783,9,8,1
LOC111135787,3,4,-1
LOC111135790,7,6,1
LOC111135792,6,7,-1
LOC111135822,2,1,1
LOC111135825,8,7,1
LOC111135827,2,1,1
LOC111135855,0,1,-1
LOC111135873,2,1,1
LOC111135875,2,3,-1
LOC111135878,6,5,1
LOC111135890,9,7,2
LOC111135901,5,4,1
LOC111135904,5,6,-1
LOC111135911,19,16,3
LOC111135921,4,3,1
LOC111135934,1,0,1
LOC111135938,1,2,-1
LOC111135953,1,0,1
LOC111135955,3,2,1
LOC111135958,2,1,1
LOC111135960,2,1,1
LOC111135966,6,5,1
LOC111135967,5,6,-1
LOC111135976,3,4,-1
LOC111136003,2,3,-1
LOC111136017,13,12,1
LOC111136020,3,2,1
LOC111136023,2,3,-1
LOC111136026,1,2,-1
LOC111136058,4,3,1
LOC111136084,4,5,-1
LOC111136106,10,8,2
LOC111136167,2,1,1
LOC111136183,4,5,-1
LOC111136188,2,1,1
LOC111136200,5,4,1
LOC111136206,1,2,-1
LOC111136213,2,3,-1
LOC111136229,5,6,-1
LOC111136258,8,7,1
LOC111136261,13,12,1
LOC111136263,3,6,-3
LOC111136264,1,2,-1
LOC111136267,1,2,-1
LOC111136282,3,1,2
LOC111136299,4,2,2
LOC111136308,1,0,1
LOC111136314,3,2,1
LOC111136330,0,1,-1
LOC111136340,16,12,4
LOC111136344,2,1,1
LOC111136354,2,1,1
LOC111136355,1,3,-2
LOC111136358,2,1,1
LOC111136382,15,9,6
LOC111136384,1,2,-1
LOC111136398,5,6,-1
LOC111136422,3,5,-2
LOC111136426,2,3,-1
LOC111136459,2,3,-1
LOC111136460,4,3,1
LOC111136495,3,2,1
LOC111136498,1,0,1
LOC111136500,1,0,1
LOC111136501,1,0,1
LOC111136503,5,4,1
LOC111136524,8,9,-1
LOC111136529,1,2,-1
LOC111136539,1,0,1
LOC111136589,5,3,2
LOC111136591,17,15,2
LOC111136595,3,5,-2
LOC111136609,4,5,-1
LOC111136618,2,1,1
LOC111136627,6,5,1
LOC111136631,2,1,1
LOC111136637,1,0,1
LOC111136638,5,3,2
LOC111136641,6,1,5
LOC111136647,1,2,-1
LOC111136649,10,9,1
LOC111136658,2,3,-1
LOC111136669,10,8,2
LOC111136671,1,2,-1
LOC111136691,10,11,-1
LOC111136699,5,6,-1
LOC111136719,1,2,-1
LOC111136735,4,3,1
LOC111136769,2,1,1
LOC111136772,2,1,1
LOC111136791,2,1,1
LOC111136800,6,4,2
LOC111136801,3,2,1
LOC111136803,2,1,1
LOC111136832,1,2,-1
LOC111136867,3,4,-1
LOC111136876,2,1,1
LOC111136891,10,9,1
LOC111136925,3,4,-1
LOC111136962,4,1,3
LOC111136965,1,2,-1
LOC111136986,11,12,-1
LOC111136994,2,3,-1
LOC111137000,7,2,5
LOC111137059,7,6,1
LOC111137072,2,3,-1
LOC111137074,1,2,-1
LOC111137075,2,1,1
LOC111137093,3,2,1
LOC111137094,7,6,1
LOC111137107,2,1,1
LOC111137110,3,4,-1
LOC111137112,23,14,9
LOC111137127,5,4,1
LOC111137130,2,4,-2
LOC111137133,4,3,1
LOC111137172,2,1,1
LOC111137182,16,11,5
LOC111137190,3,2,1
LOC111137192,4,3,1
LOC111137198,2,1,1
LOC111137210,1,0,1
LOC111137211,0,1,-1
LOC111137220,1,2,-1
LOC111137230,0,2,-2
LOC111137234,1,2,-1
LOC111137238,2,1,1
LOC111137258,2,1,1
LOC111137262,3,1,2
LOC111137279,5,4,1
LOC111137281,1,2,-1
LOC111137296,4,2,2
LOC111137302,4,2,2
LOC111137322,1,0,1
LOC111137323,3,1,2
LOC111137345,3,2,1
LOC111137351,3,1,2
LOC111137352,2,1,1
LOC111137380,3,1,2
LOC111137381,1,0,1
LOC111137403,1,0,1
LOC111137408,0,1,-1
LOC111137413,3,4,-1
LOC111137435,1,2,-1
LOC111137439,3,2,1
LOC111137440,3,2,1
LOC111137464,3,2,1
LOC111137471,2,1,1
LOC111137474,1,2,-1
LOC111137488,1,0,1
LOC111137490,1,3,-2
LOC111137498,1,2,-1
LOC111137522,7,6,1
LOC111137574,2,3,-1
LOC111137576,4,3,1
LOC111137578,1,0,1
LOC111137583,3,2,1
LOC111137586,0,1,-1
LOC111137612,1,2,-1
LOC111137618,3,1,2
LOC111137654,3,1,2
LOC111137658,3,2,1
LOC111137667,3,2,1
LOC111137675,8,11,-3
LOC111137689,2,1,1
LOC111137705,1,2,-1
LOC111137715,2,1,1
LOC111137720,2,1,1
LOC111137727,14,12,2
LOC111137731,1,2,-1
LOC111137753,1,2,-1
LOC111137754,1,0,1
LOC111137767,2,1,1
LOC111137773,1,2,-1
LOC111137784,2,3,-1
LOC111137788,1,0,1
LOC111137819,1,2,-1
LOC111137825,17,16,1
LOC111137826,2,1,1
LOC111137845,2,1,1
LOC111137854,1,2,-1
LOC111137857,2,1,1
LOC111137862,2,1,1
LOC111137863,1,0,1
LOC111137865,1,0,1
LOC111137874,2,1,1
LOC111137891,2,1,1
LOC111137938,2,1,1
LOC111137944,1,0,1
LOC111137946,2,1,1
LOC111137947,11,10,1
LOC111137960,5,4,1
LOC111138031,9,6,3
LOC111138032,6,4,2
LOC111138041,4,3,1
LOC111138062,1,2,-1
LOC111138069,3,4,-1
LOC111138078,2,1,1
LOC111138093,2,3,-1
LOC111138101,1,2,-1
LOC111138104,3,2,1
LOC111138112,7,8,-1
LOC111138114,1,2,-1
LOC111138116,2,1,1
LOC111138118,3,1,2
LOC111138149,1,2,-1
LOC111138150,0,1,-1
LOC111138154,1,2,-1
LOC111138161,1,0,1
LOC111138164,1,2,-1
LOC111138175,2,3,-1
LOC111138186,2,1,1
LOC111138209,4,3,1
LOC111138218,1,2,-1
LOC111138293,3,2,1
LOC111138294,0,1,-1
LOC111138309,1,2,-1
LOC111138314,21,15,6
LOC111138319,9,8,1
LOC111138343,4,2,2
LOC111138346,2,1,1
LOC111138353,0,1,-1
LOC111138384,2,1,1
LOC111138403,5,4,1
LOC111138430,1,0,1
LOC111138434,3,2,1
LOC111138436,1,2,-1
LOC111138456,2,1,1
LOC111138460,2,1,1
LOC111138462,6,4,2
LOC111138466,4,5,-1
LOC111138468,3,5,-2
LOC111138483,5,2,3
LOC111138492,2,1,1
LOC111138504,2,1,1
LOC111138521,3,2,1
Trnaa-agc,11,15,-4
Trnaa-cgc,10,6,4
Trnaa-ugc,21,24,-3
Trnac-gca,8,9,-1
Trnag-gcc,20,21,-1
Trnai-uau,2,4,-2
Trnak-cuu,25,29,-4
Trnak-uuu,27,24,3
Trnam-cau,16,18,-2
Trnap-agg,9,10,-1
Trnar-acg,7,10,-3
Trnar-ccu,23,25,-2
Trnat-agu,27,26,1
Trnat-ggu,20,17,3
Trnav-aac,6,8,-2
Trnaw-cca,9,8,1
Trnay-gua,4,7,-3
