gene_name,female_max_transcript_counts,male_max_transcript_counts,difference
LOC111099035,2,1,1
LOC111099040,18,16,2
LOC111099043,2,1,1
LOC111099047,6,5,1
LOC111099049,1,2,-1
LOC111099059,2,3,-1
LOC111099076,1,2,-1
LOC111099084,1,2,-1
LOC111099086,1,0,1
LOC111099087,1,2,-1
LOC111099097,3,2,1
LOC111099099,2,3,-1
LOC111099101,3,2,1
LOC111099106,4,2,2
LOC111099122,3,2,1
LOC111099125,5,3,2
LOC111099127,3,2,1
LOC111099133,1,4,-3
LOC111099145,2,1,1
LOC111099150,5,4,1
LOC111099157,17,15,2
LOC111099181,2,1,1
LOC111099190,1,2,-1
LOC111099194,19,11,8
LOC111099196,6,4,2
LOC111099206,4,2,2
LOC111099222,6,4,2
LOC111099227,3,2,1
LOC111099425,1,0,1
LOC111099430,1,2,-1
LOC111099431,1,0,1
LOC111099435,0,1,-1
LOC111099438,3,1,2
LOC111099452,0,1,-1
LOC111099456,1,0,1
LOC111099463,1,2,-1
LOC111099465,1,2,-1
LOC111099486,0,2,-2
LOC111099501,1,0,1
LOC111099504,3,4,-1
LOC111099518,4,3,1
LOC111099532,2,1,1
LOC111099537,2,1,1
LOC111099542,2,1,1
LOC111099546,0,1,-1
LOC111099550,1,2,-1
LOC111099566,2,1,1
LOC111099569,2,1,1
LOC111099575,2,4,-2
LOC111099579,4,1,3
LOC111099587,5,2,3
LOC111099592,4,3,1
LOC111099600,2,3,-1
LOC111099603,13,9,4
LOC111099610,6,5,1
LOC111099632,1,3,-2
LOC111099634,1,0,1
LOC111099662,2,1,1
LOC111099663,2,5,-3
LOC111099667,1,0,1
LOC111099673,4,1,3
LOC111099678,1,3,-2
LOC111099684,2,1,1
LOC111099686,2,1,1
LOC111099689,1,2,-1
LOC111099692,11,7,4
LOC111099696,3,2,1
LOC111099698,1,0,1
LOC111099700,5,3,2
LOC111099706,3,2,1
LOC111099709,3,2,1
LOC111099711,4,3,1
LOC111099721,6,4,2
LOC111099726,1,0,1
LOC111099730,0,1,-1
LOC111099733,1,2,-1
LOC111099734,2,1,1
LOC111099746,6,4,2
LOC111099747,4,5,-1
LOC111099754,2,1,1
LOC111099759,0,1,-1
LOC111099767,3,1,2
LOC111099770,3,2,1
LOC111099771,7,5,2
LOC111099781,5,4,1
LOC111099789,3,2,1
LOC111099794,3,5,-2
LOC111099804,3,1,2
LOC111099809,0,1,-1
LOC111099830,4,3,1
LOC111099833,0,1,-1
LOC111099840,0,1,-1
LOC111099841,2,1,1
LOC111099848,0,1,-1
LOC111099849,6,3,3
LOC111099852,0,2,-2
LOC111099870,13,8,5
LOC111099879,1,2,-1
LOC111099880,3,2,1
LOC111099886,6,5,1
LOC111099894,2,1,1
LOC111099895,2,3,-1
LOC111099896,2,1,1
LOC111099899,4,3,1
LOC111099903,1,2,-1
LOC111099905,1,4,-3
LOC111099911,3,4,-1
LOC111099920,5,2,3
LOC111099925,1,2,-1
LOC111099927,2,1,1
LOC111099930,0,1,-1
LOC111099944,3,2,1
LOC111099945,2,1,1
LOC111099947,2,1,1
LOC111099951,0,1,-1
LOC111099955,1,2,-1
LOC111099956,4,3,1
LOC111099965,4,2,2
LOC111099967,3,2,1
LOC111099980,17,12,5
LOC111099984,0,1,-1
LOC111099987,2,4,-2
LOC111099989,2,1,1
LOC111099993,2,1,1
LOC111099995,8,5,3
LOC111100005,1,2,-1
LOC111100009,1,0,1
LOC111100014,2,1,1
LOC111100026,5,8,-3
LOC111100028,2,3,-1
LOC111100030,1,3,-2
LOC111100037,2,1,1
LOC111100050,2,1,1
LOC111100059,1,0,1
LOC111100064,5,2,3
LOC111100065,4,3,1
LOC111100066,1,2,-1
LOC111100069,3,2,1
LOC111100070,1,2,-1
LOC111100094,1,2,-1
LOC111100100,3,2,1
LOC111100117,5,3,2
LOC111100118,5,4,1
LOC111100121,0,1,-1
LOC111100122,0,1,-1
LOC111100126,0,1,-1
LOC111100138,1,2,-1
LOC111100143,7,6,1
LOC111100147,3,2,1
LOC111100148,5,4,1
LOC111100151,0,1,-1
LOC111100152,1,2,-1
LOC111100165,4,3,1
LOC111100174,0,1,-1
LOC111100182,1,2,-1
LOC111100185,1,2,-1
LOC111100186,4,3,1
LOC111100192,7,6,1
LOC111100196,4,2,2
LOC111100198,2,1,1
LOC111100207,1,3,-2
LOC111100219,5,4,1
LOC111100224,3,1,2
LOC111100225,1,2,-1
LOC111100226,0,1,-1
LOC111100239,8,7,1
LOC111100241,5,3,2
LOC111100242,2,3,-1
LOC111100250,0,1,-1
LOC111100254,3,2,1
LOC111100257,4,3,1
LOC111100277,8,6,2
LOC111100278,9,4,5
LOC111100288,5,4,1
LOC111100292,3,2,1
LOC111100293,5,4,1
LOC111100294,7,4,3
LOC111100296,2,3,-1
LOC111100299,2,3,-1
LOC111100304,4,1,3
LOC111100310,1,0,1
LOC111100311,2,1,1
LOC111100316,5,4,1
LOC111100321,2,1,1
LOC111100324,1,2,-1
LOC111100326,3,2,1
LOC111100327,6,5,1
LOC111100329,5,3,2
LOC111100330,5,4,1
LOC111100331,2,3,-1
LOC111100334,1,2,-1
LOC111100336,7,5,2
LOC111100338,1,0,1
LOC111100344,5,3,2
LOC111100361,0,1,-1
LOC111100362,3,2,1
LOC111100375,9,6,3
LOC111100377,0,1,-1
LOC111100379,3,2,1
LOC111100384,5,4,1
LOC111100389,8,6,2
LOC111100392,14,9,5
LOC111100397,1,2,-1
LOC111100402,4,3,1
LOC111100403,9,10,-1
LOC111100404,1,2,-1
LOC111100406,9,7,2
LOC111100407,7,4,3
LOC111100408,7,5,2
LOC111100409,4,1,3
LOC111100414,1,2,-1
LOC111100420,1,3,-2
LOC111100426,8,7,1
LOC111100436,5,6,-1
LOC111100441,5,6,-1
LOC111100444,7,9,-2
LOC111100466,9,3,6
LOC111100470,3,2,1
LOC111100471,6,5,1
LOC111100481,6,5,1
LOC111100487,1,2,-1
LOC111100506,3,2,1
LOC111100510,2,1,1
LOC111100522,6,5,1
LOC111100523,10,6,4
LOC111100543,1,2,-1
LOC111100546,3,2,1
LOC111100548,9,8,1
LOC111100551,1,2,-1
LOC111100567,2,1,1
LOC111100568,8,7,1
LOC111100571,3,4,-1
LOC111100619,1,2,-1
LOC111100623,5,2,3
LOC111100625,3,2,1
LOC111100628,3,1,2
LOC111100633,2,1,1
LOC111100634,4,2,2
LOC111100635,3,1,2
LOC111100642,2,3,-1
LOC111100765,6,5,1
LOC111100788,7,5,2
LOC111100790,3,2,1
LOC111100792,11,7,4
LOC111100801,4,3,1
LOC111100815,4,5,-1
LOC111100816,2,1,1
LOC111100824,1,2,-1
LOC111100827,2,1,1
LOC111100838,5,1,4
LOC111100839,2,1,1
LOC111100840,2,5,-3
LOC111100844,3,2,1
LOC111100858,7,4,3
LOC111100861,2,1,1
LOC111100867,2,1,1
LOC111100869,3,4,-1
LOC111100872,4,2,2
LOC111100875,4,3,1
LOC111100876,2,1,1
LOC111100879,2,1,1
LOC111100893,2,3,-1
LOC111100894,4,5,-1
LOC111100895,2,1,1
LOC111100896,11,9,2
LOC111100899,3,1,2
LOC111100906,4,3,1
LOC111100907,3,1,2
LOC111100913,2,1,1
LOC111100924,5,3,2
LOC111100943,1,2,-1
LOC111100945,2,3,-1
LOC111100954,1,2,-1
LOC111100964,3,2,1
LOC111100970,0,1,-1
LOC111100977,3,2,1
LOC111100983,2,1,1
LOC111100984,5,2,3
LOC111100989,9,8,1
LOC111100993,4,3,1
LOC111100998,0,1,-1
LOC111101001,3,2,1
LOC111101014,3,2,1
LOC111101015,2,1,1
LOC111101016,2,1,1
LOC111101019,1,0,1
LOC111101026,3,2,1
LOC111101027,4,3,1
LOC111101028,4,3,1
LOC111101031,3,2,1
LOC111101033,6,4,2
LOC111101036,20,15,5
LOC111101049,6,5,1
LOC111101050,8,7,1
LOC111101060,6,5,1
LOC111101077,2,1,1
LOC111101078,3,2,1
LOC111101080,3,4,-1
LOC111101081,1,2,-1
LOC111101086,2,1,1
LOC111101099,2,1,1
LOC111101102,4,2,2
LOC111101105,2,1,1
LOC111101114,2,1,1
LOC111101116,3,2,1
LOC111101125,1,0,1
LOC111101134,4,3,1
LOC111101137,4,3,1
LOC111101138,5,4,1
LOC111101139,3,2,1
LOC111101141,2,1,1
LOC111101148,4,3,1
LOC111101151,1,2,-1
LOC111101159,1,2,-1
LOC111101163,7,5,2
LOC111101166,4,5,-1
LOC111101175,3,2,1
LOC111101180,2,1,1
LOC111101190,4,2,2
LOC111101206,3,5,-2
LOC111101224,2,1,1
LOC111101229,3,2,1
LOC111101230,3,1,2
LOC111101241,1,2,-1
LOC111101249,3,2,1
LOC111101251,5,3,2
LOC111101255,1,2,-1
LOC111101258,5,2,3
LOC111101274,2,1,1
LOC111101276,2,3,-1
LOC111101277,2,1,1
LOC111101293,1,2,-1
LOC111101298,2,1,1
LOC111101301,4,0,4
LOC111101304,1,2,-1
LOC111101311,0,1,-1
LOC111101327,2,1,1
LOC111101353,6,4,2
LOC111101355,1,2,-1
LOC111101369,2,3,-1
LOC111101370,5,0,5
LOC111101393,2,3,-1
LOC111101398,0,1,-1
LOC111101402,2,1,1
LOC111101405,3,2,1
LOC111101412,6,4,2
LOC111101438,2,1,1
LOC111101442,1,0,1
LOC111101448,6,5,1
LOC111101455,3,2,1
LOC111101462,2,1,1
LOC111101471,6,5,1
LOC111101473,3,2,1
LOC111101489,5,4,1
LOC111101494,0,1,-1
LOC111101503,2,1,1
LOC111101513,1,0,1
LOC111101518,4,3,1
LOC111101524,2,1,1
LOC111101526,4,2,2
LOC111101543,1,2,-1
LOC111101544,2,1,1
LOC111101545,2,1,1
LOC111101547,2,1,1
LOC111101552,3,1,2
LOC111101582,0,1,-1
LOC111101588,6,4,2
LOC111101597,0,1,-1
LOC111101601,3,2,1
LOC111101602,1,2,-1
LOC111101607,5,6,-1
LOC111101612,10,4,6
LOC111101621,3,4,-1
LOC111101625,1,2,-1
LOC111101628,1,2,-1
LOC111101629,4,2,2
LOC111101636,2,1,1
LOC111101645,2,1,1
LOC111101651,2,1,1
LOC111101663,1,2,-1
LOC111101680,4,3,1
LOC111101689,6,4,2
LOC111101696,2,3,-1
LOC111101711,4,2,2
LOC111101714,2,1,1
LOC111101717,2,1,1
LOC111101727,1,2,-1
LOC111101732,0,1,-1
LOC111101738,0,1,-1
LOC111101741,2,3,-1
LOC111101742,1,2,-1
LOC111101748,2,1,1
LOC111101750,3,0,3
LOC111101754,1,3,-2
LOC111101763,2,1,1
LOC111101766,1,2,-1
LOC111101767,1,0,1
LOC111101771,1,2,-1
LOC111101772,2,1,1
LOC111101781,2,1,1
LOC111101814,4,3,1
LOC111101815,1,2,-1
LOC111101820,4,3,1
LOC111101823,1,2,-1
LOC111101824,0,1,-1
LOC111101825,0,1,-1
LOC111101826,0,1,-1
LOC111101830,1,2,-1
LOC111101850,4,2,2
LOC111101852,6,5,1
LOC111101856,0,1,-1
LOC111101864,1,2,-1
LOC111101871,6,5,1
LOC111101876,2,3,-1
LOC111101879,2,1,1
LOC111101887,0,1,-1
LOC111101888,2,1,1
LOC111101900,0,1,-1
LOC111101946,3,2,1
LOC111101979,2,1,1
LOC111102020,4,3,1
LOC111102077,1,0,1
LOC111102103,1,0,1
LOC111102129,0,1,-1
LOC111102164,0,1,-1
LOC111102184,2,1,1
LOC111102205,1,0,1
LOC111102237,13,10,3
LOC111102238,3,2,1
LOC111102246,1,0,1
LOC111102250,1,2,-1
LOC111102257,2,1,1
LOC111102261,0,1,-1
LOC111102262,2,1,1
LOC111102283,4,2,2
LOC111102285,1,2,-1
LOC111102299,2,1,1
LOC111102310,2,1,1
LOC111102339,2,3,-1
LOC111102341,0,1,-1
LOC111102342,3,2,1
LOC111102349,1,2,-1
LOC111102358,0,1,-1
LOC111102361,12,11,1
LOC111102366,3,2,1
LOC111102388,2,3,-1
LOC111102389,1,2,-1
LOC111102397,2,0,2
LOC111102398,1,0,1
LOC111102418,0,1,-1
LOC111102426,33,16,17
LOC111102432,4,3,1
LOC111102435,4,3,1
LOC111102446,4,3,1
LOC111102449,2,1,1
LOC111102450,1,2,-1
LOC111102454,2,1,1
LOC111102481,1,0,1
LOC111102485,5,3,2
LOC111102490,3,2,1
LOC111102495,11,7,4
LOC111102502,0,1,-1
LOC111102504,3,2,1
LOC111102507,1,0,1
LOC111102508,1,2,-1
LOC111102514,3,2,1
LOC111102519,1,2,-1
LOC111102522,1,0,1
LOC111102526,2,3,-1
LOC111102536,2,1,1
LOC111102541,2,1,1
LOC111102543,0,1,-1
LOC111102547,0,1,-1
LOC111102567,1,2,-1
LOC111102571,5,3,2
LOC111102584,6,4,2
LOC111102587,1,3,-2
LOC111102597,1,2,-1
LOC111102610,4,3,1
LOC111102618,0,1,-1
LOC111102627,2,1,1
LOC111102629,0,1,-1
LOC111102657,0,1,-1
LOC111102660,1,2,-1
LOC111102663,0,2,-2
LOC111102675,7,6,1
LOC111102677,2,3,-1
LOC111102686,1,2,-1
LOC111102699,2,1,1
LOC111102712,0,1,-1
LOC111102717,2,3,-1
LOC111102726,1,0,1
LOC111102737,3,2,1
LOC111102745,4,3,1
LOC111102747,3,2,1
LOC111102779,3,1,2
LOC111102786,0,1,-1
LOC111102787,2,1,1
LOC111102801,5,3,2
LOC111102813,2,1,1
LOC111102817,8,3,5
LOC111102833,22,21,1
LOC111102835,3,2,1
LOC111102837,2,1,1
LOC111102839,4,3,1
LOC111102841,3,4,-1
LOC111102856,1,0,1
LOC111102865,3,1,2
LOC111102872,4,2,2
LOC111102878,4,5,-1
LOC111102887,1,2,-1
LOC111102888,1,2,-1
LOC111102899,1,2,-1
LOC111102902,2,1,1
LOC111102911,2,1,1
LOC111102918,2,1,1
LOC111102923,3,2,1
LOC111102933,2,1,1
LOC111102936,1,2,-1
LOC111102943,2,1,1
LOC111102948,0,1,-1
LOC111102960,5,2,3
LOC111102966,1,2,-1
LOC111102968,0,1,-1
LOC111102976,0,1,-1
LOC111102981,2,1,1
LOC111102982,3,2,1
LOC111102991,2,1,1
LOC111102995,1,2,-1
LOC111103002,3,2,1
LOC111103003,2,4,-2
LOC111103015,6,2,4
LOC111103018,4,3,1
LOC111103019,5,3,2
LOC111103027,2,1,1
LOC111103028,1,2,-1
LOC111103034,1,0,1
LOC111103039,2,1,1
LOC111103055,1,2,-1
LOC111103058,2,1,1
LOC111103061,7,5,2
LOC111103065,1,0,1
LOC111103071,2,1,1
LOC111103085,1,0,1
LOC111103087,1,3,-2
LOC111103090,6,5,1
LOC111103099,1,2,-1
LOC111103111,0,1,-1
LOC111103112,2,1,1
LOC111103119,2,3,-1
LOC111103138,1,0,1
LOC111103141,0,1,-1
LOC111103153,1,2,-1
LOC111103155,2,1,1
LOC111103157,4,5,-1
LOC111103169,1,3,-2
LOC111103172,3,1,2
LOC111103174,2,1,1
LOC111103175,3,2,1
LOC111103190,2,1,1
LOC111103191,2,1,1
LOC111103196,0,1,-1
LOC111103207,2,1,1
LOC111103214,3,2,1
LOC111103223,8,7,1
LOC111103234,3,4,-1
LOC111103241,0,1,-1
LOC111103244,15,6,9
LOC111103270,7,2,5
LOC111103278,0,1,-1
LOC111103287,16,12,4
LOC111103295,0,1,-1
LOC111103298,2,1,1
LOC111103300,0,1,-1
LOC111103302,0,1,-1
LOC111103323,6,5,1
LOC111103324,0,1,-1
LOC111103338,2,1,1
LOC111103342,3,2,1
LOC111103344,11,10,1
LOC111103356,7,6,1
LOC111103366,6,4,2
LOC111103368,0,1,-1
LOC111103369,0,1,-1
LOC111103370,6,5,1
LOC111103375,9,7,2
LOC111103381,4,2,2
LOC111103387,6,5,1
LOC111103393,9,7,2
LOC111103396,10,8,2
LOC111103398,2,1,1
LOC111103401,3,2,1
LOC111103404,2,1,1
LOC111103405,3,4,-1
LOC111103426,1,0,1
LOC111103430,7,6,1
LOC111103431,9,7,2
LOC111103433,0,1,-1
LOC111103435,0,1,-1
LOC111103440,0,1,-1
LOC111103441,6,5,1
LOC111103443,6,5,1
LOC111103456,0,1,-1
LOC111103458,1,0,1
LOC111103462,1,0,1
LOC111103467,2,1,1
LOC111103477,0,1,-1
LOC111103478,1,0,1
LOC111103480,7,5,2
LOC111103482,4,3,1
LOC111103485,4,5,-1
LOC111103487,1,2,-1
LOC111103494,2,1,1
LOC111103505,1,2,-1
LOC111103511,4,3,1
LOC111103514,6,4,2
LOC111103517,5,6,-1
LOC111103519,3,2,1
LOC111103536,1,0,1
LOC111103553,2,3,-1
LOC111103560,4,5,-1
LOC111103565,3,1,2
LOC111103566,1,0,1
LOC111103574,3,2,1
LOC111103578,3,1,2
LOC111103581,3,2,1
LOC111103585,1,2,-1
LOC111103589,6,5,1
LOC111103591,1,2,-1
LOC111103594,3,2,1
LOC111103596,7,5,2
LOC111103631,3,0,3
LOC111103635,4,3,1
LOC111103646,7,4,3
LOC111103649,3,2,1
LOC111103651,1,2,-1
LOC111103655,4,2,2
LOC111103660,2,1,1
LOC111103664,4,1,3
LOC111103674,1,0,1
LOC111103676,7,6,1
LOC111103678,0,1,-1
LOC111103680,4,3,1
LOC111103684,3,1,2
LOC111103692,4,3,1
LOC111103700,5,4,1
LOC111103737,0,1,-1
LOC111103744,9,5,4
LOC111103753,1,0,1
LOC111103755,1,2,-1
LOC111103778,4,3,1
LOC111103782,1,2,-1
LOC111103790,1,2,-1
LOC111103792,4,3,1
LOC111103804,5,4,1
LOC111103805,5,4,1
LOC111103809,8,7,1
LOC111103811,3,2,1
LOC111103814,9,7,2
LOC111103819,6,5,1
LOC111103821,3,2,1
LOC111103846,5,4,1
LOC111103847,5,4,1
LOC111103858,3,2,1
LOC111103860,2,1,1
LOC111103863,1,2,-1
LOC111103868,6,5,1
LOC111103869,12,11,1
LOC111103871,2,1,1
LOC111103892,2,1,1
LOC111103896,6,5,1
LOC111103901,9,5,4
LOC111103906,2,1,1
LOC111103907,6,5,1
LOC111103912,3,2,1
LOC111103929,1,2,-1
LOC111103930,5,7,-2
LOC111103949,1,2,-1
LOC111103956,3,2,1
LOC111103965,4,5,-1
LOC111103967,3,5,-2
LOC111103979,2,1,1
LOC111103982,3,2,1
LOC111103994,5,3,2
LOC111103996,6,4,2
LOC111104008,8,6,2
LOC111104011,1,3,-2
LOC111104015,2,1,1
LOC111104023,3,2,1
LOC111104041,2,1,1
LOC111104042,2,1,1
LOC111104048,1,2,-1
LOC111104050,1,2,-1
LOC111104053,2,3,-1
LOC111104055,5,3,2
LOC111104056,1,2,-1
LOC111104061,4,2,2
LOC111104063,12,9,3
LOC111104072,1,2,-1
LOC111104082,2,1,1
LOC111104084,8,5,3
LOC111104098,6,5,1
LOC111104103,2,1,1
LOC111104110,2,3,-1
LOC111104124,5,3,2
LOC111104129,2,1,1
LOC111104135,4,3,1
LOC111104159,4,3,1
LOC111104169,4,3,1
LOC111104175,2,1,1
LOC111104180,6,5,1
LOC111104190,13,9,4
LOC111104193,5,4,1
LOC111104223,3,2,1
LOC111104227,1,2,-1
LOC111104228,3,5,-2
LOC111104234,2,1,1
LOC111104238,1,2,-1
LOC111104249,2,3,-1
LOC111104252,3,2,1
LOC111104255,0,1,-1
LOC111104269,11,6,5
LOC111104281,1,2,-1
LOC111104304,2,1,1
LOC111104313,3,2,1
LOC111104315,4,3,1
LOC111104316,4,2,2
LOC111104321,1,2,-1
LOC111104330,4,3,1
LOC111104340,2,1,1
LOC111104346,3,2,1
LOC111104349,5,2,3
LOC111104354,3,2,1
LOC111104373,3,1,2
LOC111104379,0,1,-1
LOC111104382,9,4,5
LOC111104401,10,7,3
LOC111104417,1,3,-2
LOC111104431,3,4,-1
LOC111104432,9,8,1
LOC111104433,3,2,1
LOC111104437,2,1,1
LOC111104448,2,1,1
LOC111104451,5,4,1
LOC111104453,5,2,3
LOC111104461,2,1,1
LOC111104464,4,3,1
LOC111104474,3,2,1
LOC111104485,1,2,-1
LOC111104488,1,4,-3
LOC111104489,2,1,1
LOC111104491,1,2,-1
LOC111104497,4,3,1
LOC111104508,1,2,-1
LOC111104515,5,3,2
LOC111104526,4,5,-1
LOC111104529,3,2,1
LOC111104540,3,1,2
LOC111104544,2,1,1
LOC111104545,3,2,1
LOC111104558,1,2,-1
LOC111104560,2,1,1
LOC111104568,2,1,1
LOC111104583,0,1,-1
LOC111104598,3,1,2
LOC111104602,2,1,1
LOC111104603,2,1,1
LOC111104621,1,2,-1
LOC111104625,3,4,-1
LOC111104629,20,25,-5
LOC111104637,2,1,1
LOC111104648,2,3,-1
LOC111104662,1,2,-1
LOC111104666,2,1,1
LOC111104674,3,2,1
LOC111104689,5,4,1
LOC111104697,3,2,1
LOC111104704,1,2,-1
LOC111104709,2,3,-1
LOC111104710,2,1,1
LOC111104711,6,2,4
LOC111104721,3,2,1
LOC111104727,0,1,-1
LOC111104731,0,1,-1
LOC111104733,0,1,-1
LOC111104738,2,1,1
LOC111104739,2,0,2
LOC111104744,2,1,1
LOC111104747,2,1,1
LOC111104752,5,4,1
LOC111104754,2,1,1
LOC111104757,2,1,1
LOC111104761,1,2,-1
LOC111104764,1,2,-1
LOC111104769,5,4,1
LOC111104773,2,3,-1
LOC111104776,2,3,-1
LOC111104777,2,3,-1
LOC111104786,1,2,-1
LOC111104807,2,1,1
LOC111104820,1,2,-1
LOC111104823,1,2,-1
LOC111104825,3,4,-1
LOC111104828,1,2,-1
LOC111104834,5,4,1
LOC111104835,25,13,12
LOC111104839,4,3,1
LOC111104840,4,3,1
LOC111104841,2,3,-1
LOC111104855,1,0,1
LOC111104859,1,2,-1
LOC111104868,1,0,1
LOC111104885,0,1,-1
LOC111104910,0,1,-1
LOC111104915,0,1,-1
LOC111104940,0,1,-1
LOC111104945,0,1,-1
LOC111104957,0,1,-1
LOC111104961,0,1,-1
LOC111104963,0,1,-1
LOC111104975,1,0,1
LOC111104999,0,1,-1
LOC111105002,0,1,-1
LOC111105004,0,1,-1
LOC111105005,0,1,-1
LOC111105009,0,1,-1
LOC111105035,3,2,1
LOC111105071,0,1,-1
LOC111105090,1,0,1
LOC111105233,3,2,1
LOC111105237,2,3,-1
LOC111105238,1,2,-1
LOC111105239,1,2,-1
LOC111105249,3,2,1
LOC111105257,2,1,1
LOC111105259,2,1,1
LOC111105271,1,0,1
LOC111105272,3,1,2
LOC111105273,5,4,1
LOC111105276,4,2,2
LOC111105285,1,2,-1
LOC111105288,0,1,-1
LOC111105291,1,2,-1
LOC111105295,3,2,1
LOC111105296,2,1,1
LOC111105304,2,5,-3
LOC111105312,6,7,-1
LOC111105319,1,2,-1
LOC111105333,5,7,-2
LOC111105362,1,2,-1
LOC111105363,3,2,1
LOC111105366,15,17,-2
LOC111105376,3,4,-1
LOC111105379,3,2,1
LOC111105382,5,2,3
LOC111105404,3,1,2
LOC111105409,2,1,1
LOC111105418,1,2,-1
LOC111105420,1,2,-1
LOC111105431,0,1,-1
LOC111105434,5,3,2
LOC111105435,1,2,-1
LOC111105453,3,4,-1
LOC111105454,1,2,-1
LOC111105478,3,2,1
LOC111105479,1,2,-1
LOC111105480,9,3,6
LOC111105482,1,2,-1
LOC111105489,1,2,-1
LOC111105494,4,2,2
LOC111105501,2,3,-1
LOC111105503,2,1,1
LOC111105509,7,5,2
LOC111105511,3,4,-1
LOC111105522,2,1,1
LOC111105534,0,1,-1
LOC111105545,2,3,-1
LOC111105547,2,1,1
LOC111105552,4,3,1
LOC111105577,0,1,-1
LOC111105593,2,1,1
LOC111105619,4,3,1
LOC111105624,2,1,1
LOC111105631,0,1,-1
LOC111105634,1,2,-1
LOC111105659,2,1,1
LOC111105679,1,2,-1
LOC111105680,0,1,-1
LOC111105684,6,5,1
LOC111105713,5,4,1
LOC111105716,17,9,8
LOC111105732,1,2,-1
LOC111105746,1,2,-1
LOC111105754,4,3,1
LOC111105770,1,2,-1
LOC111105785,0,1,-1
LOC111105795,3,2,1
LOC111105804,1,2,-1
LOC111105805,2,1,1
LOC111105807,19,15,4
LOC111105814,1,2,-1
LOC111105816,2,1,1
LOC111105820,0,1,-1
LOC111105825,3,2,1
LOC111105828,15,9,6
LOC111105830,1,2,-1
LOC111105835,1,3,-2
LOC111105842,3,2,1
LOC111105847,5,4,1
LOC111105862,2,1,1
LOC111105873,0,1,-1
LOC111105885,0,1,-1
LOC111105887,0,1,-1
LOC111105891,1,2,-1
LOC111105901,2,1,1
LOC111105903,2,1,1
LOC111105919,1,2,-1
LOC111105920,4,3,1
LOC111105921,3,2,1
LOC111105922,1,2,-1
LOC111105949,2,1,1
LOC111105950,2,1,1
LOC111105970,1,2,-1
LOC111105975,1,2,-1
LOC111105984,2,1,1
LOC111105991,2,1,1
LOC111105993,0,1,-1
LOC111105996,0,1,-1
LOC111105998,0,1,-1
LOC111106009,1,2,-1
LOC111106023,4,3,1
LOC111106038,2,1,1
LOC111106047,3,2,1
LOC111106057,1,2,-1
LOC111106078,1,3,-2
LOC111106104,2,1,1
LOC111106112,1,2,-1
LOC111106119,10,6,4
LOC111106126,2,1,1
LOC111106135,1,2,-1
LOC111106139,3,4,-1
LOC111106140,1,2,-1
LOC111106154,2,3,-1
LOC111106157,1,2,-1
LOC111106158,2,1,1
LOC111106160,0,1,-1
LOC111106166,1,2,-1
LOC111106179,3,2,1
LOC111106188,0,1,-1
LOC111106189,5,4,1
LOC111106199,2,5,-3
LOC111106212,7,3,4
LOC111106214,3,1,2
LOC111106228,3,2,1
LOC111106240,10,8,2
LOC111106245,1,2,-1
LOC111106255,3,2,1
LOC111106260,2,3,-1
LOC111106279,1,0,1
LOC111106292,2,1,1
LOC111106299,5,4,1
LOC111106301,3,2,1
LOC111106302,1,2,-1
LOC111106309,2,1,1
LOC111106315,1,2,-1
LOC111106326,2,1,1
LOC111106336,3,4,-1
LOC111106339,4,5,-1
LOC111106341,0,1,-1
LOC111106349,1,2,-1
LOC111106420,1,3,-2
LOC111106436,0,1,-1
LOC111106455,4,3,1
LOC111106457,3,2,1
LOC111106461,3,2,1
LOC111106465,2,6,-4
LOC111106471,1,2,-1
LOC111106502,1,2,-1
LOC111106507,1,2,-1
LOC111106508,5,4,1
LOC111106516,2,3,-1
LOC111106535,2,1,1
LOC111106556,2,1,1
LOC111106567,2,1,1
LOC111106578,1,2,-1
LOC111106580,1,2,-1
LOC111106589,2,1,1
LOC111106605,1,2,-1
LOC111106606,2,1,1
LOC111106607,2,1,1
LOC111106614,1,2,-1
LOC111106630,3,2,1
LOC111106637,3,2,1
LOC111106650,3,2,1
LOC111106654,2,1,1
LOC111106656,2,3,-1
LOC111106663,1,2,-1
LOC111106664,3,2,1
LOC111106666,2,1,1
LOC111106668,5,4,1
LOC111106671,2,1,1
LOC111106672,1,2,-1
LOC111106679,2,1,1
LOC111106698,3,2,1
LOC111106701,2,1,1
LOC111106706,3,2,1
LOC111106711,3,1,2
LOC111106717,1,2,-1
LOC111106723,0,1,-1
LOC111106725,1,0,1
LOC111106726,2,1,1
LOC111106731,3,5,-2
LOC111106732,2,1,1
LOC111106749,2,3,-1
LOC111106758,1,0,1
LOC111106765,3,2,1
LOC111106768,3,2,1
LOC111106776,2,1,1
LOC111106778,1,2,-1
LOC111106790,1,2,-1
LOC111106795,2,1,1
LOC111106808,2,3,-1
LOC111106819,2,1,1
LOC111106828,1,2,-1
LOC111106830,14,7,7
LOC111106834,1,2,-1
LOC111106837,2,3,-1
LOC111106854,1,2,-1
LOC111106859,4,3,1
LOC111106861,5,3,2
LOC111106862,6,4,2
LOC111106867,1,3,-2
LOC111106871,1,0,1
LOC111106874,5,3,2
LOC111106876,1,2,-1
LOC111106885,5,3,2
LOC111106889,0,2,-2
LOC111106890,1,2,-1
LOC111106900,2,1,1
LOC111106901,4,2,2
LOC111106905,2,1,1
LOC111106917,2,1,1
LOC111106940,1,2,-1
LOC111106944,4,2,2
LOC111106946,1,2,-1
LOC111106974,2,1,1
LOC111106980,16,13,3
LOC111106989,3,0,3
LOC111106990,2,1,1
LOC111106992,3,2,1
LOC111106997,1,0,1
LOC111107018,3,2,1
LOC111107025,2,3,-1
LOC111107032,2,1,1
LOC111107041,1,2,-1
LOC111107046,5,4,1
LOC111107058,6,4,2
LOC111107064,10,8,2
LOC111107073,0,1,-1
LOC111107079,0,1,-1
LOC111107085,2,1,1
LOC111107094,1,4,-3
LOC111107095,0,1,-1
LOC111107096,4,1,3
LOC111107097,4,2,2
LOC111107099,4,3,1
LOC111107101,0,1,-1
LOC111107104,8,5,3
LOC111107128,0,1,-1
LOC111107129,0,1,-1
LOC111107136,2,1,1
LOC111107138,12,5,7
LOC111107143,2,1,1
LOC111107144,2,5,-3
LOC111107147,0,1,-1
LOC111107155,6,8,-2
LOC111107177,4,3,1
LOC111107185,6,4,2
LOC111107193,2,1,1
LOC111107204,14,8,6
LOC111107211,0,1,-1
LOC111107224,4,5,-1
LOC111107241,2,1,1
LOC111107250,10,7,3
LOC111107253,3,2,1
LOC111107257,4,3,1
LOC111107267,0,1,-1
LOC111107271,2,3,-1
LOC111107278,10,9,1
LOC111107284,3,4,-1
LOC111107287,2,1,1
LOC111107314,0,1,-1
LOC111107325,4,3,1
LOC111107328,14,16,-2
LOC111107342,4,3,1
LOC111107360,2,3,-1
LOC111107363,4,3,1
LOC111107364,5,3,2
LOC111107371,2,1,1
LOC111107386,0,1,-1
LOC111107387,4,3,1
LOC111107404,4,3,1
LOC111107409,5,4,1
LOC111107417,0,1,-1
LOC111107424,1,2,-1
LOC111107437,2,1,1
LOC111107443,11,9,2
LOC111107475,0,1,-1
LOC111107500,0,1,-1
LOC111107518,10,9,1
LOC111107523,2,1,1
LOC111107549,3,4,-1
LOC111107551,1,3,-2
LOC111107555,3,1,2
LOC111107556,1,2,-1
LOC111107560,5,4,1
LOC111107576,3,2,1
LOC111107595,7,6,1
LOC111107596,2,1,1
LOC111107620,4,3,1
LOC111107627,4,3,1
LOC111107667,3,2,1
LOC111107669,5,4,1
LOC111107672,3,4,-1
LOC111107675,2,1,1
LOC111107678,3,2,1
LOC111107682,3,2,1
LOC111107695,9,7,2
LOC111107697,2,1,1
LOC111107701,1,2,-1
LOC111107704,2,1,1
LOC111107727,10,7,3
LOC111107731,11,9,2
LOC111107737,2,1,1
LOC111107739,4,5,-1
LOC111107740,0,1,-1
LOC111107745,0,1,-1
LOC111107760,2,1,1
LOC111107778,0,1,-1
LOC111107786,3,2,1
LOC111107791,0,1,-1
LOC111107808,2,1,1
LOC111107823,2,3,-1
LOC111107824,2,1,1
LOC111107827,7,5,2
LOC111107837,2,1,1
LOC111107852,4,3,1
LOC111107854,5,4,1
LOC111107858,2,1,1
LOC111107863,4,2,2
LOC111107864,0,1,-1
LOC111107907,4,3,1
LOC111107911,4,3,1
LOC111107917,6,5,1
LOC111107918,1,0,1
LOC111107933,14,12,2
LOC111107935,2,3,-1
LOC111107938,2,3,-1
LOC111107947,2,3,-1
LOC111107949,2,3,-1
LOC111107955,5,4,1
LOC111107974,2,1,1
LOC111107979,0,1,-1
LOC111107985,2,3,-1
LOC111107998,0,1,-1
LOC111108006,8,6,2
LOC111108030,2,1,1
LOC111108034,0,1,-1
LOC111108035,0,1,-1
LOC111108038,3,2,1
LOC111108045,1,2,-1
LOC111108046,4,2,2
LOC111108048,2,1,1
LOC111108050,7,6,1
LOC111108054,2,1,1
LOC111108060,5,4,1
LOC111108061,6,5,1
LOC111108063,4,3,1
LOC111108064,2,1,1
LOC111108071,1,2,-1
LOC111108086,24,15,9
LOC111108089,10,5,5
LOC111108091,2,1,1
LOC111108092,3,4,-1
LOC111108097,0,1,-1
LOC111108120,5,4,1
LOC111108121,2,4,-2
LOC111108124,15,14,1
LOC111108145,4,3,1
LOC111108148,4,2,2
LOC111108160,8,9,-1
LOC111108167,9,8,1
LOC111108169,2,3,-1
LOC111108170,3,2,1
LOC111108179,6,5,1
LOC111108185,8,5,3
LOC111108186,9,11,-2
LOC111108194,1,2,-1
LOC111108199,4,3,1
LOC111108202,6,5,1
LOC111108212,17,1,16
LOC111108222,3,4,-1
LOC111108228,3,4,-1
LOC111108231,3,2,1
LOC111108240,1,2,-1
LOC111108248,7,4,3
LOC111108249,6,5,1
LOC111108267,2,1,1
LOC111108307,5,4,1
LOC111108314,3,2,1
LOC111108342,2,1,1
LOC111108353,4,3,1
LOC111108357,4,3,1
LOC111108368,2,1,1
LOC111108379,3,2,1
LOC111108385,3,2,1
LOC111108399,1,2,-1
LOC111108403,5,2,3
LOC111108410,4,3,1
LOC111108426,4,3,1
LOC111108428,4,5,-1
LOC111108435,2,1,1
LOC111108439,10,9,1
LOC111108443,4,3,1
LOC111108445,2,1,1
LOC111108451,3,2,1
LOC111108457,6,4,2
LOC111108459,4,2,2
LOC111108460,2,1,1
LOC111108461,2,1,1
LOC111108470,3,2,1
LOC111108471,3,2,1
LOC111108474,2,1,1
LOC111108479,5,4,1
LOC111108482,2,1,1
LOC111108492,2,1,1
LOC111108495,4,2,2
LOC111108501,8,6,2
LOC111108503,5,4,1
LOC111108506,2,3,-1
LOC111108523,6,4,2
LOC111108525,3,2,1
LOC111108530,2,1,1
LOC111108534,3,2,1
LOC111108535,2,1,1
LOC111108536,1,2,-1
LOC111108537,2,1,1
LOC111108540,2,3,-1
LOC111108556,3,2,1
LOC111108560,4,3,1
LOC111108577,2,1,1
LOC111108578,2,1,1
LOC111108586,6,4,2
LOC111108604,2,3,-1
LOC111108644,1,2,-1
LOC111108653,7,6,1
LOC111108659,3,2,1
LOC111108662,4,3,1
LOC111108663,1,3,-2
LOC111108670,3,4,-1
LOC111108695,2,3,-1
LOC111108708,2,1,1
LOC111108716,2,1,1
LOC111108732,1,2,-1
LOC111108749,3,2,1
LOC111108769,5,7,-2
LOC111108771,1,3,-2
LOC111108772,2,4,-2
LOC111108779,3,2,1
LOC111108782,2,3,-1
LOC111108799,4,3,1
LOC111108824,0,1,-1
LOC111108830,0,1,-1
LOC111108835,8,7,1
LOC111108838,0,1,-1
LOC111108841,1,0,1
LOC111108876,0,1,-1
LOC111108877,0,1,-1
LOC111108884,0,1,-1
LOC111108931,3,2,1
LOC111108937,0,1,-1
LOC111108944,0,1,-1
LOC111108990,1,0,1
LOC111109043,2,3,-1
LOC111109065,0,1,-1
LOC111109077,0,1,-1
LOC111109183,0,1,-1
LOC111109192,0,1,-1
LOC111109203,0,1,-1
LOC111109240,0,1,-1
LOC111109263,2,1,1
LOC111109314,0,1,-1
LOC111109317,0,1,-1
LOC111109369,3,2,1
LOC111109393,0,1,-1
LOC111109394,0,1,-1
LOC111109401,2,1,1
LOC111109404,6,2,4
LOC111109406,2,1,1
LOC111109410,2,1,1
LOC111109414,4,5,-1
LOC111109417,1,2,-1
LOC111109456,4,2,2
LOC111109465,8,5,3
LOC111109473,3,2,1
LOC111109474,0,2,-2
LOC111109484,9,1,8
LOC111109487,2,3,-1
LOC111109495,5,4,1
LOC111109497,1,2,-1
LOC111109499,2,3,-1
LOC111109508,2,1,1
LOC111109510,2,1,1
LOC111109523,4,1,3
LOC111109526,4,2,2
LOC111109527,5,4,1
LOC111109547,1,2,-1
LOC111109550,1,3,-2
LOC111109561,3,4,-1
LOC111109585,2,3,-1
LOC111109588,2,1,1
LOC111109596,5,3,2
LOC111109606,3,1,2
LOC111109611,3,4,-1
LOC111109627,3,2,1
LOC111109630,3,2,1
LOC111109634,1,2,-1
LOC111109641,1,3,-2
LOC111109649,4,3,1
LOC111109655,6,5,1
LOC111109657,6,5,1
LOC111109663,3,2,1
LOC111109671,2,3,-1
LOC111109693,4,2,2
LOC111109711,2,1,1
LOC111109724,1,0,1
LOC111109727,1,2,-1
LOC111109752,2,1,1
LOC111109786,3,2,1
LOC111109793,1,2,-1
LOC111109814,2,1,1
LOC111109829,1,2,-1
LOC111109831,3,2,1
LOC111109833,1,2,-1
LOC111109840,1,2,-1
LOC111109846,1,2,-1
LOC111109852,5,2,3
LOC111109855,2,1,1
LOC111109862,3,2,1
LOC111109868,3,2,1
LOC111109871,0,1,-1
LOC111109872,0,1,-1
LOC111109873,2,1,1
LOC111109879,3,1,2
LOC111109885,5,6,-1
LOC111109889,2,1,1
LOC111109893,2,1,1
LOC111109910,2,1,1
LOC111109914,2,1,1
LOC111109918,1,2,-1
LOC111109919,1,2,-1
LOC111109925,2,1,1
LOC111109937,2,1,1
LOC111109940,2,1,1
LOC111109949,7,6,1
LOC111109953,1,2,-1
LOC111109963,1,2,-1
LOC111109973,8,7,1
LOC111109974,1,2,-1
LOC111109981,4,3,1
LOC111109990,2,1,1
LOC111109991,3,2,1
LOC111109993,10,8,2
LOC111110017,2,3,-1
LOC111110018,1,2,-1
LOC111110024,1,2,-1
LOC111110028,10,9,1
LOC111110036,0,1,-1
LOC111110038,3,2,1
LOC111110041,2,1,1
LOC111110043,2,1,1
LOC111110051,2,3,-1
LOC111110073,2,4,-2
LOC111110074,1,0,1
LOC111110084,5,4,1
LOC111110089,3,2,1
LOC111110094,1,2,-1
LOC111110100,2,1,1
LOC111110106,1,2,-1
LOC111110109,2,1,1
LOC111110130,1,2,-1
LOC111110134,0,1,-1
LOC111110142,5,4,1
LOC111110143,1,2,-1
LOC111110148,5,2,3
LOC111110171,1,2,-1
LOC111110179,4,3,1
LOC111110196,1,2,-1
LOC111110199,3,4,-1
LOC111110219,3,4,-1
LOC111110223,1,2,-1
LOC111110228,1,2,-1
LOC111110230,1,0,1
LOC111110244,8,7,1
LOC111110250,5,4,1
LOC111110255,4,3,1
LOC111110262,2,1,1
LOC111110280,5,3,2
LOC111110285,2,1,1
LOC111110296,6,3,3
LOC111110298,2,1,1
LOC111110316,5,3,2
LOC111110319,2,1,1
LOC111110325,0,1,-1
LOC111110335,0,1,-1
LOC111110337,1,2,-1
LOC111110346,6,5,1
LOC111110347,11,6,5
LOC111110349,0,2,-2
LOC111110352,5,4,1
LOC111110367,1,2,-1
LOC111110371,3,2,1
LOC111110394,3,2,1
LOC111110396,1,2,-1
LOC111110398,2,3,-1
LOC111110400,0,1,-1
LOC111110405,0,1,-1
LOC111110445,3,2,1
LOC111110476,6,5,1
LOC111110477,2,3,-1
LOC111110481,0,1,-1
LOC111110507,3,2,1
LOC111110509,1,3,-2
LOC111110517,8,7,1
LOC111110526,6,5,1
LOC111110538,2,1,1
LOC111110540,3,4,-1
LOC111110542,3,2,1
LOC111110545,5,3,2
LOC111110556,2,1,1
LOC111110570,1,0,1
LOC111110585,1,2,-1
LOC111110609,4,2,2
LOC111110617,0,1,-1
LOC111110633,3,2,1
LOC111110635,1,0,1
LOC111110637,5,4,1
LOC111110640,1,3,-2
LOC111110642,5,4,1
LOC111110650,0,1,-1
LOC111110659,3,2,1
LOC111110671,3,5,-2
LOC111110674,2,1,1
LOC111110680,0,1,-1
LOC111110708,2,1,1
LOC111110715,1,2,-1
LOC111110716,3,1,2
LOC111110743,2,3,-1
LOC111110744,3,2,1
LOC111110748,8,6,2
LOC111110752,1,2,-1
LOC111110756,3,4,-1
LOC111110763,0,1,-1
LOC111110782,3,2,1
LOC111110807,2,1,1
LOC111110808,0,1,-1
LOC111110814,3,1,2
LOC111110816,3,2,1
LOC111110817,1,3,-2
LOC111110820,2,4,-2
LOC111110828,3,2,1
LOC111110833,1,2,-1
LOC111110835,4,2,2
LOC111110839,1,2,-1
LOC111110845,1,2,-1
LOC111110863,7,4,3
LOC111110867,7,5,2
LOC111110875,1,2,-1
LOC111110876,1,2,-1
LOC111110881,3,2,1
LOC111110883,1,2,-1
LOC111110894,1,2,-1
LOC111110897,1,2,-1
LOC111110905,3,2,1
LOC111110910,3,5,-2
LOC111110918,0,1,-1
LOC111110919,0,1,-1
LOC111110934,0,1,-1
LOC111110937,0,1,-1
LOC111110942,5,3,2
LOC111110946,9,7,2
LOC111110957,3,2,1
LOC111110965,6,4,2
LOC111110975,5,4,1
LOC111110989,2,1,1
LOC111110991,1,0,1
LOC111110997,16,14,2
LOC111110999,1,2,-1
LOC111111013,5,4,1
LOC111111017,3,2,1
LOC111111019,3,2,1
LOC111111028,3,2,1
LOC111111050,11,9,2
LOC111111056,3,1,2
LOC111111058,9,6,3
LOC111111064,2,1,1
LOC111111079,2,1,1
LOC111111082,0,1,-1
LOC111111097,1,2,-1
LOC111111099,2,4,-2
LOC111111101,1,2,-1
LOC111111122,3,2,1
LOC111111124,6,5,1
LOC111111131,3,2,1
LOC111111132,3,1,2
LOC111111134,1,2,-1
LOC111111138,0,1,-1
LOC111111140,1,0,1
LOC111111150,1,0,1
LOC111111155,2,1,1
LOC111111156,5,3,2
LOC111111161,2,1,1
LOC111111163,1,2,-1
LOC111111178,0,1,-1
LOC111111182,4,3,1
LOC111111212,2,1,1
LOC111111228,1,2,-1
LOC111111241,0,2,-2
LOC111111242,0,1,-1
LOC111111243,3,2,1
LOC111111244,1,2,-1
LOC111111248,2,3,-1
LOC111111255,6,5,1
LOC111111274,4,3,1
LOC111111279,2,1,1
LOC111111289,3,4,-1
LOC111111290,2,1,1
LOC111111298,0,1,-1
LOC111111300,5,3,2
LOC111111343,4,2,2
LOC111111346,1,0,1
LOC111111358,1,3,-2
LOC111111365,2,4,-2
LOC111111376,3,4,-1
LOC111111378,3,4,-1
LOC111111392,20,15,5
LOC111111403,2,3,-1
LOC111111423,0,1,-1
LOC111111441,1,2,-1
LOC111111446,2,1,1
LOC111111447,1,0,1
LOC111111454,1,0,1
LOC111111464,2,4,-2
LOC111111467,2,1,1
LOC111111471,3,2,1
LOC111111472,2,3,-1
LOC111111487,18,10,8
LOC111111491,2,1,1
LOC111111494,1,2,-1
LOC111111507,1,0,1
LOC111111520,6,5,1
LOC111111527,5,3,2
LOC111111535,2,1,1
LOC111111536,2,1,1
LOC111111537,5,4,1
LOC111111542,4,2,2
LOC111111553,3,2,1
LOC111111556,1,2,-1
LOC111111569,3,4,-1
LOC111111582,3,2,1
LOC111111589,2,3,-1
LOC111111599,8,5,3
LOC111111602,1,2,-1
LOC111111611,2,1,1
LOC111111616,6,5,1
LOC111111620,1,2,-1
LOC111111624,4,3,1
LOC111111627,1,2,-1
LOC111111635,0,1,-1
LOC111111640,1,2,-1
LOC111111644,0,1,-1
LOC111111646,10,5,5
LOC111111647,2,1,1
LOC111111657,2,3,-1
LOC111111663,2,1,1
LOC111111666,6,5,1
LOC111111676,2,1,1
LOC111111683,0,1,-1
LOC111111690,2,3,-1
LOC111111704,4,5,-1
LOC111111713,6,5,1
LOC111111715,1,2,-1
LOC111111733,0,1,-1
LOC111111741,2,1,1
LOC111111743,1,0,1
LOC111111748,1,2,-1
LOC111111750,6,4,2
LOC111111766,3,1,2
LOC111111772,2,1,1
LOC111111776,1,2,-1
LOC111111779,1,2,-1
LOC111111780,3,2,1
LOC111111789,2,1,1
LOC111111809,1,2,-1
LOC111111818,4,3,1
LOC111111823,2,1,1
LOC111111851,0,1,-1
LOC111111855,9,5,4
LOC111111864,1,2,-1
LOC111111871,4,3,1
LOC111111879,1,2,-1
LOC111111883,1,2,-1
LOC111111906,2,3,-1
LOC111111916,2,1,1
LOC111111919,2,1,1
LOC111111920,2,1,1
LOC111111930,5,3,2
LOC111111940,3,2,1
LOC111111943,1,2,-1
LOC111111946,5,3,2
LOC111111948,2,1,1
LOC111111950,2,1,1
LOC111111956,2,1,1
LOC111111967,0,1,-1
LOC111111975,5,4,1
LOC111111983,4,5,-1
LOC111112005,1,0,1
LOC111112006,17,5,12
LOC111112010,0,1,-1
LOC111112014,4,3,1
LOC111112022,1,2,-1
LOC111112028,10,6,4
LOC111112037,2,3,-1
LOC111112040,2,1,1
LOC111112063,2,1,1
LOC111112065,2,1,1
LOC111112074,1,2,-1
LOC111112080,2,3,-1
LOC111112082,6,5,1
LOC111112086,3,2,1
LOC111112092,1,2,-1
LOC111112093,4,2,2
LOC111112099,18,13,5
LOC111112100,2,3,-1
LOC111112114,6,5,1
LOC111112121,1,2,-1
LOC111112126,7,5,2
LOC111112129,5,4,1
LOC111112130,10,5,5
LOC111112131,12,9,3
LOC111112152,1,2,-1
LOC111112166,1,2,-1
LOC111112168,4,3,1
LOC111112171,2,3,-1
LOC111112173,2,3,-1
LOC111112178,2,1,1
LOC111112193,0,1,-1
LOC111112198,2,1,1
LOC111112204,4,5,-1
LOC111112208,1,0,1
LOC111112214,5,4,1
LOC111112222,1,2,-1
LOC111112227,4,3,1
LOC111112229,0,1,-1
LOC111112230,0,1,-1
LOC111112244,0,1,-1
LOC111112251,3,2,1
LOC111112253,3,1,2
LOC111112255,0,1,-1
LOC111112257,0,1,-1
LOC111112260,5,4,1
LOC111112266,3,4,-1
LOC111112268,1,2,-1
LOC111112272,2,1,1
LOC111112296,5,4,1
LOC111112301,9,5,4
LOC111112307,14,11,3
LOC111112312,3,2,1
LOC111112330,5,4,1
LOC111112343,0,1,-1
LOC111112347,0,1,-1
LOC111112350,6,7,-1
LOC111112366,2,1,1
LOC111112373,0,1,-1
LOC111112374,3,1,2
LOC111112375,1,3,-2
LOC111112379,0,1,-1
LOC111112396,1,2,-1
LOC111112397,2,1,1
LOC111112400,6,4,2
LOC111112404,1,2,-1
LOC111112433,7,4,3
LOC111112440,1,2,-1
LOC111112450,1,2,-1
LOC111112452,3,4,-1
LOC111112490,6,5,1
LOC111112501,2,3,-1
LOC111112510,2,3,-1
LOC111112515,1,2,-1
LOC111112524,0,2,-2
LOC111112525,0,1,-1
LOC111112535,1,0,1
LOC111112548,1,0,1
LOC111112558,4,3,1
LOC111112559,4,3,1
LOC111112565,1,2,-1
LOC111112568,2,1,1
LOC111112585,12,11,1
LOC111112588,14,17,-3
LOC111112603,5,3,2
LOC111112605,26,19,7
LOC111112609,2,0,2
LOC111112612,4,5,-1
LOC111112614,4,2,2
LOC111112616,4,1,3
LOC111112617,1,2,-1
LOC111112619,2,1,1
LOC111112620,27,16,11
LOC111112626,0,1,-1
LOC111112629,9,6,3
LOC111112635,4,2,2
LOC111112638,0,1,-1
LOC111112642,3,2,1
LOC111112650,2,1,1
LOC111112653,5,4,1
LOC111112655,11,9,2
LOC111112657,2,3,-1
LOC111112658,2,1,1
LOC111112665,2,1,1
LOC111112666,2,3,-1
LOC111112669,3,4,-1
LOC111112671,2,1,1
LOC111112679,1,2,-1
LOC111112685,4,5,-1
LOC111112687,2,1,1
LOC111112699,5,4,1
LOC111112700,4,2,2
LOC111112702,1,0,1
LOC111112719,1,2,-1
LOC111112720,10,9,1
LOC111112724,0,1,-1
LOC111112733,9,8,1
LOC111112741,5,3,2
LOC111112752,5,4,1
LOC111112757,3,2,1
LOC111112762,1,2,-1
LOC111112766,1,2,-1
LOC111112769,0,1,-1
LOC111112773,2,1,1
LOC111112774,2,3,-1
LOC111112775,2,1,1
LOC111112780,7,5,2
LOC111112781,4,3,1
LOC111112790,3,1,2
LOC111112803,3,6,-3
LOC111112806,6,5,1
LOC111112811,6,5,1
LOC111112821,1,2,-1
LOC111112827,2,1,1
LOC111112829,3,2,1
LOC111112838,0,1,-1
LOC111112840,1,0,1
LOC111112846,5,3,2
LOC111112852,1,2,-1
LOC111112874,2,1,1
LOC111112883,4,3,1
LOC111112889,0,1,-1
LOC111112898,4,2,2
LOC111112902,2,3,-1
LOC111112903,1,2,-1
LOC111112904,0,1,-1
LOC111112908,0,1,-1
LOC111112915,4,3,1
LOC111112916,1,2,-1
LOC111112922,2,3,-1
LOC111112964,2,1,1
LOC111112968,2,3,-1
LOC111112970,2,3,-1
LOC111112991,10,9,1
LOC111113007,1,2,-1
LOC111113020,12,10,2
LOC111113024,1,2,-1
LOC111113027,2,1,1
LOC111113040,3,2,1
LOC111113042,7,6,1
LOC111113048,1,2,-1
LOC111113053,2,3,-1
LOC111113054,3,2,1
LOC111113057,2,3,-1
LOC111113069,1,2,-1
LOC111113074,0,1,-1
LOC111113075,1,2,-1
LOC111113078,0,1,-1
LOC111113082,2,1,1
LOC111113083,1,0,1
LOC111113084,3,2,1
LOC111113086,7,3,4
LOC111113088,0,2,-2
LOC111113089,0,1,-1
LOC111113090,5,3,2
LOC111113097,1,0,1
LOC111113100,2,1,1
LOC111113109,3,2,1
LOC111113124,6,3,3
LOC111113125,5,4,1
LOC111113129,9,5,4
LOC111113130,2,1,1
LOC111113134,4,3,1
LOC111113141,2,1,1
LOC111113151,0,1,-1
LOC111113154,0,1,-1
LOC111113157,8,5,3
LOC111113159,4,3,1
LOC111113163,11,9,2
LOC111113170,1,2,-1
LOC111113172,2,3,-1
LOC111113174,4,3,1
LOC111113175,14,12,2
LOC111113177,6,5,1
LOC111113178,4,3,1
LOC111113184,1,2,-1
LOC111113185,1,2,-1
LOC111113188,4,3,1
LOC111113192,1,2,-1
LOC111113198,2,3,-1
LOC111113208,6,8,-2
LOC111113213,0,1,-1
LOC111113231,1,2,-1
LOC111113238,23,12,11
LOC111113257,1,2,-1
LOC111113260,7,4,3
LOC111113274,7,4,3
LOC111113281,1,2,-1
LOC111113291,2,1,1
LOC111113300,1,3,-2
LOC111113316,5,3,2
LOC111113327,1,3,-2
LOC111113342,3,2,1
LOC111113345,4,3,1
LOC111113352,6,3,3
LOC111113355,10,7,3
LOC111113358,6,4,2
LOC111113363,4,3,1
LOC111113371,3,2,1
LOC111113377,1,2,-1
LOC111113381,3,2,1
LOC111113385,3,2,1
LOC111113399,5,4,1
LOC111113417,4,3,1
LOC111113418,2,1,1
LOC111113440,2,3,-1
LOC111113463,1,0,1
LOC111113464,1,0,1
LOC111113465,1,0,1
LOC111113515,0,1,-1
LOC111113519,0,1,-1
LOC111113520,1,0,1
LOC111113524,2,4,-2
LOC111113554,5,4,1
LOC111113592,2,1,1
LOC111113620,0,1,-1
LOC111113642,0,1,-1
LOC111113643,0,1,-1
LOC111113665,1,0,1
LOC111113667,0,1,-1
LOC111113668,0,1,-1
LOC111113670,0,1,-1
LOC111113687,0,1,-1
LOC111113694,0,1,-1
LOC111113696,0,1,-1
LOC111113719,0,1,-1
LOC111113769,0,1,-1
LOC111113791,0,1,-1
LOC111113804,0,1,-1
LOC111113810,1,0,1
LOC111113819,1,2,-1
LOC111113833,3,2,1
LOC111113871,1,2,-1
LOC111113875,0,1,-1
LOC111113876,0,1,-1
LOC111113886,0,1,-1
LOC111113906,1,0,1
LOC111113938,0,1,-1
LOC111114103,1,2,-1
LOC111114120,1,2,-1
LOC111114134,6,5,1
LOC111114177,0,1,-1
LOC111114283,7,4,3
LOC111114312,0,1,-1
LOC111114346,4,3,1
LOC111114347,13,8,5
LOC111114373,0,1,-1
LOC111114390,0,1,-1
LOC111114440,0,1,-1
LOC111114443,0,1,-1
LOC111114454,1,2,-1
LOC111114459,6,4,2
LOC111114460,4,2,2
LOC111114467,2,1,1
LOC111114486,3,2,1
LOC111114488,4,5,-1
LOC111114492,2,3,-1
LOC111114495,4,3,1
LOC111114510,2,1,1
LOC111114511,0,1,-1
LOC111114521,2,1,1
LOC111114549,2,1,1
LOC111114557,2,1,1
LOC111114566,1,2,-1
LOC111114568,1,2,-1
LOC111114603,1,2,-1
LOC111114614,1,2,-1
LOC111114616,4,2,2
LOC111114644,6,3,3
LOC111114647,2,1,1
LOC111114650,3,4,-1
LOC111114666,2,1,1
LOC111114669,5,4,1
LOC111114676,4,3,1
LOC111114682,1,2,-1
LOC111114685,1,2,-1
LOC111114705,3,2,1
LOC111114715,4,3,1
LOC111114721,3,4,-1
LOC111114722,1,2,-1
LOC111114724,2,3,-1
LOC111114727,1,2,-1
LOC111114730,1,2,-1
LOC111114732,1,2,-1
LOC111114735,1,2,-1
LOC111114740,1,2,-1
LOC111114747,4,3,1
LOC111114752,0,1,-1
LOC111114753,3,2,1
LOC111114755,1,3,-2
LOC111114770,1,2,-1
LOC111114771,6,4,2
LOC111114781,1,2,-1
LOC111114791,1,2,-1
LOC111114793,1,2,-1
LOC111114794,2,1,1
LOC111114802,2,1,1
LOC111114803,3,2,1
LOC111114807,13,8,5
LOC111114816,3,2,1
LOC111114820,5,3,2
LOC111114825,3,6,-3
LOC111114827,2,1,1
LOC111114836,4,3,1
LOC111114842,5,3,2
LOC111114844,2,1,1
LOC111114853,3,2,1
LOC111114855,3,2,1
LOC111114864,2,3,-1
LOC111114865,4,3,1
LOC111114879,2,1,1
LOC111114887,5,3,2
LOC111114896,3,2,1
LOC111114900,6,7,-1
LOC111114901,7,8,-1
LOC111114902,4,2,2
LOC111114910,3,4,-1
LOC111114913,9,6,3
LOC111114921,2,1,1
LOC111114929,2,3,-1
LOC111114947,6,4,2
LOC111114952,1,3,-2
LOC111114954,1,3,-2
LOC111114958,2,1,1
LOC111114960,1,2,-1
LOC111114967,2,3,-1
LOC111114972,3,2,1
LOC111114977,4,5,-1
LOC111114979,4,3,1
LOC111114987,3,2,1
LOC111114997,2,1,1
LOC111115000,1,2,-1
LOC111115004,0,1,-1
LOC111115006,3,2,1
LOC111115011,1,2,-1
LOC111115019,1,2,-1
LOC111115023,0,1,-1
LOC111115056,0,1,-1
LOC111115081,0,1,-1
LOC111115083,0,1,-1
LOC111115084,2,4,-2
LOC111115091,1,2,-1
LOC111115092,4,5,-1
LOC111115099,4,2,2
LOC111115102,1,2,-1
LOC111115105,1,2,-1
LOC111115107,7,6,1
LOC111115118,2,1,1
LOC111115120,3,1,2
LOC111115122,14,9,5
LOC111115123,9,8,1
LOC111115128,2,1,1
LOC111115129,3,2,1
LOC111115142,1,0,1
LOC111115151,2,1,1
LOC111115154,1,2,-1
LOC111115160,1,0,1
LOC111115176,1,3,-2
LOC111115187,1,2,-1
LOC111115192,2,1,1
LOC111115199,2,1,1
LOC111115203,2,3,-1
LOC111115206,1,2,-1
LOC111115235,2,1,1
LOC111115238,1,2,-1
LOC111115253,3,2,1
LOC111115255,4,3,1
LOC111115259,3,4,-1
LOC111115260,3,2,1
LOC111115277,4,3,1
LOC111115287,1,2,-1
LOC111115290,0,1,-1
LOC111115295,2,1,1
LOC111115298,1,2,-1
LOC111115306,5,4,1
LOC111115324,3,2,1
LOC111115341,8,7,1
LOC111115342,3,8,-5
LOC111115367,1,2,-1
LOC111115370,2,1,1
LOC111115389,1,2,-1
LOC111115409,1,2,-1
LOC111115419,6,4,2
LOC111115422,2,1,1
LOC111115434,1,2,-1
LOC111115436,0,1,-1
LOC111115441,10,9,1
LOC111115471,3,1,2
LOC111115474,5,4,1
LOC111115484,2,1,1
LOC111115500,6,4,2
LOC111115502,0,1,-1
LOC111115512,0,1,-1
LOC111115513,0,1,-1
LOC111115516,2,1,1
LOC111115530,2,1,1
LOC111115531,3,2,1
LOC111115540,4,3,1
LOC111115544,1,2,-1
LOC111115545,2,1,1
LOC111115549,2,3,-1
LOC111115550,1,2,-1
LOC111115551,6,4,2
LOC111115556,4,3,1
LOC111115579,2,3,-1
LOC111115591,2,1,1
LOC111115599,3,2,1
LOC111115605,2,1,1
LOC111115612,17,9,8
LOC111115617,1,2,-1
LOC111115627,2,1,1
LOC111115632,1,2,-1
LOC111115641,1,2,-1
LOC111115650,2,1,1
LOC111115656,2,3,-1
LOC111115663,2,0,2
LOC111115670,2,1,1
LOC111115675,4,3,1
LOC111115682,2,3,-1
LOC111115699,3,2,1
LOC111115704,2,1,1
LOC111115711,1,2,-1
LOC111115717,2,1,1
LOC111115740,4,5,-1
LOC111115746,2,3,-1
LOC111115761,1,2,-1
LOC111115775,2,3,-1
LOC111115790,3,2,1
LOC111115795,16,12,4
LOC111115805,1,0,1
LOC111115815,2,1,1
LOC111115824,3,2,1
LOC111115832,5,4,1
LOC111115835,0,1,-1
LOC111115841,3,2,1
LOC111115842,2,1,1
LOC111115844,11,7,4
LOC111115851,2,3,-1
LOC111115869,2,1,1
LOC111115871,4,3,1
LOC111115873,3,1,2
LOC111115876,2,3,-1
LOC111115878,3,2,1
LOC111115879,7,5,2
LOC111115882,2,3,-1
LOC111115890,1,2,-1
LOC111115892,0,1,-1
LOC111115896,9,8,1
LOC111115897,1,2,-1
LOC111115900,2,3,-1
LOC111115920,3,6,-3
LOC111115940,2,1,1
LOC111115949,2,3,-1
LOC111115951,0,1,-1
LOC111115962,4,3,1
LOC111115973,4,3,1
LOC111115979,4,5,-1
LOC111115994,0,1,-1
LOC111115995,5,4,1
LOC111116003,4,3,1
LOC111116005,1,2,-1
LOC111116011,2,3,-1
LOC111116017,4,3,1
LOC111116037,2,3,-1
LOC111116042,18,16,2
LOC111116053,3,0,3
LOC111116055,1,0,1
LOC111116071,1,2,-1
LOC111116082,6,4,2
LOC111116087,2,1,1
LOC111116088,5,2,3
LOC111116096,0,1,-1
LOC111116098,6,3,3
LOC111116100,1,2,-1
LOC111116103,2,1,1
LOC111116110,2,1,1
LOC111116125,1,2,-1
LOC111116128,4,3,1
LOC111116156,4,3,1
LOC111116218,2,1,1
LOC111116258,2,3,-1
LOC111116288,0,1,-1
LOC111116352,15,11,4
LOC111116495,0,1,-1
LOC111116519,9,7,2
LOC111116561,0,1,-1
LOC111116565,1,0,1
LOC111116581,2,1,1
LOC111116607,13,10,3
LOC111116622,3,2,1
LOC111116628,2,1,1
LOC111116629,2,1,1
LOC111116632,2,3,-1
LOC111116633,2,3,-1
LOC111116665,4,2,2
LOC111116690,0,1,-1
LOC111116693,1,2,-1
LOC111116696,2,1,1
LOC111116725,1,2,-1
LOC111116730,3,1,2
LOC111116747,6,3,3
LOC111116752,6,2,4
LOC111116762,3,2,1
LOC111116769,4,2,2
LOC111116774,2,1,1
LOC111116787,3,4,-1
LOC111116790,3,2,1
LOC111116793,3,2,1
LOC111116795,5,4,1
LOC111116798,0,1,-1
LOC111116828,2,1,1
LOC111116831,1,2,-1
LOC111116840,5,4,1
LOC111116844,1,2,-1
LOC111116845,2,4,-2
LOC111116864,3,1,2
LOC111116869,8,11,-3
LOC111116870,3,2,1
LOC111116874,2,1,1
LOC111116875,2,1,1
LOC111116888,1,2,-1
LOC111116890,2,5,-3
LOC111116894,1,2,-1
LOC111116907,1,2,-1
LOC111116919,2,1,1
LOC111116926,2,1,1
LOC111116933,3,2,1
LOC111116942,3,1,2
LOC111116957,0,1,-1
LOC111116965,9,8,1
LOC111116972,1,2,-1
LOC111116994,2,4,-2
LOC111117020,2,3,-1
LOC111117024,3,2,1
LOC111117029,2,1,1
LOC111117035,2,1,1
LOC111117040,5,4,1
LOC111117047,3,2,1
LOC111117048,2,1,1
LOC111117051,2,1,1
LOC111117062,3,2,1
LOC111117069,2,1,1
LOC111117079,0,1,-1
LOC111117083,5,4,1
LOC111117085,5,4,1
LOC111117103,2,3,-1
LOC111117104,2,1,1
LOC111117113,2,1,1
LOC111117117,3,2,1
LOC111117139,2,3,-1
LOC111117185,0,1,-1
LOC111117207,5,4,1
LOC111117288,3,2,1
LOC111117298,1,2,-1
LOC111117311,3,2,1
LOC111117316,2,1,1
LOC111117323,2,1,1
LOC111117327,1,2,-1
LOC111117330,11,9,2
LOC111117339,1,0,1
LOC111117341,5,4,1
LOC111117346,3,1,2
LOC111117363,2,3,-1
LOC111117369,2,4,-2
LOC111117395,1,2,-1
LOC111117400,4,3,1
LOC111117403,5,4,1
LOC111117417,15,10,5
LOC111117454,3,1,2
LOC111117456,9,7,2
LOC111117461,1,2,-1
LOC111117475,6,5,1
LOC111117481,2,1,1
LOC111117500,3,2,1
LOC111117507,1,2,-1
LOC111117517,1,2,-1
LOC111117525,4,2,2
LOC111117533,9,6,3
LOC111117535,1,2,-1
LOC111117538,2,1,1
LOC111117544,2,1,1
LOC111117565,2,1,1
LOC111117570,4,3,1
LOC111117571,2,1,1
LOC111117616,2,1,1
LOC111117621,2,1,1
LOC111117650,5,4,1
LOC111117654,1,2,-1
LOC111117668,2,1,1
LOC111117670,3,2,1
LOC111117691,1,2,-1
LOC111117699,1,2,-1
LOC111117707,2,1,1
LOC111117711,4,2,2
LOC111117722,4,3,1
LOC111117728,1,2,-1
LOC111117730,4,3,1
LOC111117731,4,3,1
LOC111117735,9,6,3
LOC111117736,6,5,1
LOC111117737,1,2,-1
LOC111117739,11,8,3
LOC111117740,14,12,2
LOC111117742,8,7,1
LOC111117749,4,3,1
LOC111117750,4,3,1
LOC111117755,7,6,1
LOC111117756,1,2,-1
LOC111117771,3,2,1
LOC111117779,0,1,-1
LOC111117813,3,2,1
LOC111117826,1,0,1
LOC111117831,0,1,-1
LOC111117832,1,2,-1
LOC111117861,10,5,5
LOC111117870,1,2,-1
LOC111117878,1,2,-1
LOC111117880,2,1,1
LOC111117884,0,1,-1
LOC111117902,3,2,1
LOC111117910,5,4,1
LOC111117928,6,5,1
LOC111117930,2,1,1
LOC111117931,1,2,-1
LOC111117968,4,5,-1
LOC111117992,2,3,-1
LOC111118022,2,1,1
LOC111118026,9,6,3
LOC111118028,2,1,1
LOC111118040,5,4,1
LOC111118054,2,1,1
LOC111118074,1,3,-2
LOC111118088,2,1,1
LOC111118110,1,2,-1
LOC111118116,2,1,1
LOC111118123,1,2,-1
LOC111118130,1,2,-1
LOC111118132,1,2,-1
LOC111118137,3,2,1
LOC111118172,2,1,1
LOC111118184,3,2,1
LOC111118203,3,2,1
LOC111118229,2,3,-1
LOC111118234,4,3,1
LOC111118239,10,9,1
LOC111118257,8,7,1
LOC111118268,2,1,1
LOC111118269,2,1,1
LOC111118284,2,1,1
LOC111118315,6,4,2
LOC111118341,1,2,-1
LOC111118367,12,10,2
LOC111118371,5,4,1
LOC111118379,14,10,4
LOC111118407,16,9,7
LOC111118410,2,3,-1
LOC111118419,3,2,1
LOC111118424,4,3,1
LOC111118439,6,5,1
LOC111118445,2,1,1
LOC111118449,4,5,-1
LOC111118463,6,2,4
LOC111118465,2,1,1
LOC111118491,2,1,1
LOC111118494,4,5,-1
LOC111118516,1,2,-1
LOC111118555,2,1,1
LOC111118558,12,6,6
LOC111118564,2,1,1
LOC111118575,1,2,-1
LOC111118578,2,1,1
LOC111118580,1,2,-1
LOC111118601,3,2,1
LOC111118614,3,2,1
LOC111118615,1,2,-1
LOC111118619,2,1,1
LOC111118654,8,7,1
LOC111118657,3,4,-1
LOC111118670,0,1,-1
LOC111118672,3,2,1
LOC111118684,7,6,1
LOC111118705,3,2,1
LOC111118714,4,3,1
LOC111118720,2,1,1
LOC111118721,3,2,1
LOC111118728,1,2,-1
LOC111118732,2,1,1
LOC111118780,3,2,1
LOC111118783,2,3,-1
LOC111118790,4,3,1
LOC111118813,5,4,1
LOC111118817,2,1,1
LOC111118823,9,7,2
LOC111118831,3,2,1
LOC111118842,1,2,-1
LOC111118843,23,21,2
LOC111118850,2,1,1
LOC111118862,0,1,-1
LOC111118865,0,1,-1
LOC111118870,5,4,1
LOC111118880,2,1,1
LOC111118883,2,3,-1
LOC111118884,2,1,1
LOC111118893,2,1,1
LOC111118898,5,3,2
LOC111118902,0,1,-1
LOC111118906,4,5,-1
LOC111118910,4,3,1
LOC111118925,3,4,-1
LOC111118929,1,0,1
LOC111118935,2,1,1
LOC111118936,1,2,-1
LOC111118938,6,3,3
LOC111118952,1,2,-1
LOC111118955,3,2,1
LOC111118992,13,12,1
LOC111119000,3,2,1
LOC111119008,19,14,5
LOC111119012,5,3,2
LOC111119015,8,7,1
LOC111119019,3,2,1
LOC111119021,5,4,1
LOC111119030,4,2,2
LOC111119031,1,2,-1
LOC111119041,3,2,1
LOC111119072,4,3,1
LOC111119077,4,3,1
LOC111119084,4,3,1
LOC111119100,7,3,4
LOC111119101,6,5,1
LOC111119104,3,2,1
LOC111119115,2,3,-1
LOC111119124,11,10,1
LOC111119125,2,1,1
LOC111119141,2,1,1
LOC111119148,8,5,3
LOC111119151,5,4,1
LOC111119181,2,3,-1
LOC111119184,8,5,3
LOC111119187,9,5,4
LOC111119192,2,1,1
LOC111119197,11,1,10
LOC111119209,8,5,3
LOC111119220,6,4,2
LOC111119225,4,3,1
LOC111119226,8,6,2
LOC111119231,9,7,2
LOC111119235,7,4,3
LOC111119255,5,9,-4
LOC111119267,4,5,-1
LOC111119273,2,1,1
LOC111119282,4,3,1
LOC111119286,2,3,-1
LOC111119297,11,6,5
LOC111119298,3,2,1
LOC111119319,6,4,2
LOC111119353,2,1,1
LOC111119355,3,2,1
LOC111119356,2,1,1
LOC111119360,8,7,1
LOC111119371,7,6,1
LOC111119376,6,5,1
LOC111119387,2,1,1
LOC111119395,4,3,1
LOC111119397,6,5,1
LOC111119401,7,6,1
LOC111119421,3,4,-1
LOC111119422,22,13,9
LOC111119426,12,8,4
LOC111119466,3,2,1
LOC111119468,1,2,-1
LOC111119485,3,2,1
LOC111119490,4,3,1
LOC111119502,2,1,1
LOC111119511,2,1,1
LOC111119530,10,8,2
LOC111119535,14,10,4
LOC111119551,3,2,1
LOC111119552,6,5,1
LOC111119560,2,1,1
LOC111119562,5,4,1
LOC111119563,2,1,1
LOC111119571,12,7,5
LOC111119573,3,2,1
LOC111119574,7,11,-4
LOC111119580,2,1,1
LOC111119585,6,5,1
LOC111119586,8,7,1
LOC111119594,12,11,1
LOC111119596,7,5,2
LOC111119600,9,6,3
LOC111119603,3,4,-1
LOC111119607,6,4,2
LOC111119610,1,2,-1
LOC111119616,6,4,2
LOC111119620,7,6,1
LOC111119621,10,6,4
LOC111119630,8,9,-1
LOC111119640,18,10,8
LOC111119643,6,5,1
LOC111119655,4,3,1
LOC111119663,1,2,-1
LOC111119681,4,2,2
LOC111119700,5,4,1
LOC111119708,3,2,1
LOC111119720,3,2,1
LOC111119727,6,5,1
LOC111119733,9,8,1
LOC111119748,2,1,1
LOC111119752,4,2,2
LOC111119756,3,2,1
LOC111119769,4,2,2
LOC111119771,4,3,1
LOC111119778,4,3,1
LOC111119783,2,1,1
LOC111119786,6,5,1
LOC111119792,2,1,1
LOC111119793,2,3,-1
LOC111119819,3,4,-1
LOC111119832,2,1,1
LOC111119839,1,2,-1
LOC111119843,2,3,-1
LOC111119848,2,4,-2
LOC111119853,2,1,1
LOC111119857,6,4,2
LOC111119863,2,1,1
LOC111119872,2,3,-1
LOC111119877,1,2,-1
LOC111119925,3,2,1
LOC111119945,3,2,1
LOC111119985,0,1,-1
LOC111120008,4,2,2
LOC111120020,2,3,-1
LOC111120023,3,2,1
LOC111120028,1,2,-1
LOC111120034,5,2,3
LOC111120045,3,1,2
LOC111120050,4,3,1
LOC111120068,5,4,1
LOC111120077,4,3,1
LOC111120089,6,5,1
LOC111120101,5,4,1
LOC111120106,3,1,2
LOC111120112,4,5,-1
LOC111120114,3,2,1
LOC111120121,4,2,2
LOC111120125,5,4,1
LOC111120128,9,7,2
LOC111120132,4,3,1
LOC111120134,5,3,2
LOC111120179,2,4,-2
LOC111120210,0,1,-1
LOC111120220,1,0,1
LOC111120257,0,1,-1
LOC111120262,7,5,2
LOC111120407,1,2,-1
LOC111120429,0,1,-1
LOC111120458,2,1,1
LOC111120466,2,3,-1
LOC111120478,3,2,1
LOC111120479,4,2,2
LOC111120491,3,4,-1
LOC111120495,1,2,-1
LOC111120506,3,2,1
LOC111120510,3,4,-1
LOC111120515,4,3,1
LOC111120518,5,4,1
LOC111120524,7,4,3
LOC111120532,2,1,1
LOC111120563,3,2,1
LOC111120589,3,2,1
LOC111120593,8,9,-1
LOC111120594,6,4,2
LOC111120626,4,2,2
LOC111120634,3,2,1
LOC111120646,6,7,-1
LOC111120669,2,1,1
LOC111120676,7,6,1
LOC111120683,2,1,1
LOC111120684,4,3,1
LOC111120689,3,2,1
LOC111120721,2,1,1
LOC111120723,3,2,1
LOC111120727,3,2,1
LOC111120734,2,3,-1
LOC111120749,4,3,1
LOC111120759,13,8,5
LOC111120761,6,4,2
LOC111120768,2,1,1
LOC111120774,3,2,1
LOC111120778,6,5,1
LOC111120801,3,2,1
LOC111120802,2,1,1
LOC111120805,5,4,1
LOC111120813,3,2,1
LOC111120819,2,3,-1
LOC111120823,4,3,1
LOC111120824,4,2,2
LOC111120840,3,2,1
LOC111120846,3,2,1
LOC111120857,2,1,1
LOC111120874,8,7,1
LOC111120898,6,7,-1
LOC111120913,3,2,1
LOC111120915,6,4,2
LOC111120921,5,3,2
LOC111120922,3,2,1
LOC111120924,2,3,-1
LOC111120933,4,5,-1
LOC111120967,6,5,1
LOC111120969,5,4,1
LOC111120979,4,3,1
LOC111121006,4,5,-1
LOC111121028,3,2,1
LOC111121029,4,3,1
LOC111121030,3,2,1
LOC111121068,7,5,2
LOC111121071,3,2,1
LOC111121072,2,1,1
LOC111121073,8,4,4
LOC111121075,1,2,-1
LOC111121103,2,3,-1
LOC111121128,4,3,1
LOC111121138,3,2,1
LOC111121175,7,8,-1
LOC111121184,20,13,7
LOC111121189,1,2,-1
LOC111121247,1,2,-1
LOC111121257,4,5,-1
LOC111121265,3,2,1
LOC111121273,4,3,1
LOC111121277,3,4,-1
LOC111121278,3,4,-1
LOC111121298,3,2,1
LOC111121311,3,4,-1
LOC111121313,12,11,1
LOC111121323,7,6,1
LOC111121325,1,2,-1
LOC111121331,2,1,1
LOC111121332,2,1,1
LOC111121344,2,1,1
LOC111121357,6,3,3
LOC111121377,1,3,-2
LOC111121405,7,6,1
LOC111121412,3,1,2
LOC111121415,4,3,1
LOC111121417,4,2,2
LOC111121420,5,4,1
LOC111121427,3,2,1
LOC111121454,2,1,1
LOC111121470,1,2,-1
LOC111121471,3,2,1
LOC111121476,2,1,1
LOC111121493,2,1,1
LOC111121523,5,4,1
LOC111121530,6,5,1
LOC111121548,2,1,1
LOC111121558,2,1,1
LOC111121562,2,3,-1
LOC111121565,4,3,1
LOC111121571,1,2,-1
LOC111121572,3,2,1
LOC111121580,3,4,-1
LOC111121583,3,2,1
LOC111121586,3,2,1
LOC111121598,1,2,-1
LOC111121612,3,2,1
LOC111121634,2,1,1
LOC111121651,2,1,1
LOC111121655,6,3,3
LOC111121669,1,2,-1
LOC111121672,3,2,1
LOC111121697,1,2,-1
LOC111121706,2,3,-1
LOC111121709,2,1,1
LOC111121718,3,2,1
LOC111121733,7,6,1
LOC111121736,1,2,-1
LOC111121739,4,3,1
LOC111121740,4,3,1
LOC111121742,2,3,-1
LOC111121743,5,1,4
LOC111121744,3,2,1
LOC111121786,2,1,1
LOC111121830,3,4,-1
LOC111121839,15,9,6
LOC111121842,2,1,1
LOC111121847,3,2,1
LOC111121852,2,1,1
LOC111121853,3,5,-2
LOC111121855,3,2,1
LOC111121880,2,3,-1
LOC111121901,4,3,1
LOC111121905,1,2,-1
LOC111121921,4,3,1
LOC111121983,4,3,1
LOC111121984,5,4,1
LOC111121993,2,3,-1
LOC111121995,2,1,1
LOC111122008,2,3,-1
LOC111122016,8,7,1
LOC111122050,2,1,1
LOC111122060,4,5,-1
LOC111122063,1,3,-2
LOC111122066,10,6,4
LOC111122072,6,3,3
LOC111122108,16,10,6
LOC111122130,4,3,1
LOC111122132,1,2,-1
LOC111122136,7,6,1
LOC111122144,3,4,-1
LOC111122145,9,4,5
LOC111122159,4,3,1
LOC111122160,4,3,1
LOC111122167,3,4,-1
LOC111122189,2,1,1
LOC111122205,4,3,1
LOC111122213,1,2,-1
LOC111122216,2,4,-2
LOC111122241,3,2,1
LOC111122242,1,2,-1
LOC111122284,1,2,-1
LOC111122285,1,2,-1
LOC111122295,3,2,1
LOC111122296,6,5,1
LOC111122299,4,3,1
LOC111122301,2,3,-1
LOC111122304,2,1,1
LOC111122315,1,2,-1
LOC111122316,30,20,10
LOC111122317,2,1,1
LOC111122329,7,4,3
LOC111122342,9,8,1
LOC111122350,7,6,1
LOC111122354,4,3,1
LOC111122356,3,5,-2
LOC111122357,1,2,-1
LOC111122363,2,3,-1
LOC111122367,2,1,1
LOC111122368,6,11,-5
LOC111122377,5,3,2
LOC111122379,1,2,-1
LOC111122420,1,2,-1
LOC111122446,6,5,1
LOC111122456,3,2,1
LOC111122494,7,6,1
LOC111122522,4,2,2
LOC111122540,7,5,2
LOC111122541,2,1,1
LOC111122552,2,3,-1
LOC111122558,3,2,1
LOC111122586,2,1,1
LOC111122591,6,5,1
LOC111122594,2,1,1
LOC111122596,1,2,-1
LOC111122599,4,2,2
LOC111122608,1,2,-1
LOC111122621,2,3,-1
LOC111122627,4,3,1
LOC111122656,1,2,-1
LOC111122670,2,1,1
LOC111122680,2,1,1
LOC111122684,2,3,-1
LOC111122689,5,4,1
LOC111122706,5,3,2
LOC111122713,0,1,-1
LOC111122731,2,3,-1
LOC111122732,5,3,2
LOC111122737,3,2,1
LOC111122745,2,1,1
LOC111122751,2,1,1
LOC111122752,9,7,2
LOC111122766,0,1,-1
LOC111122773,24,15,9
LOC111122775,1,2,-1
LOC111122781,1,2,-1
LOC111122787,1,2,-1
LOC111122795,4,3,1
LOC111122797,4,3,1
LOC111122801,9,6,3
LOC111122803,4,3,1
LOC111122804,3,4,-1
LOC111122806,8,5,3
LOC111122811,19,14,5
LOC111122812,2,1,1
LOC111122814,2,1,1
LOC111122822,3,4,-1
LOC111122828,3,2,1
LOC111122830,4,5,-1
LOC111122831,2,1,1
LOC111122852,8,4,4
LOC111122855,3,2,1
LOC111122881,2,4,-2
LOC111122895,5,4,1
LOC111122902,1,2,-1
LOC111122927,0,1,-1
LOC111122940,11,9,2
LOC111122945,1,2,-1
LOC111122951,3,2,1
LOC111122959,1,2,-1
LOC111122974,0,1,-1
LOC111122977,0,1,-1
LOC111122990,4,3,1
LOC111122992,0,1,-1
LOC111122998,8,6,2
LOC111123006,2,3,-1
LOC111123021,4,3,1
LOC111123027,0,2,-2
LOC111123032,2,1,1
LOC111123038,1,2,-1
LOC111123041,3,2,1
LOC111123050,0,1,-1
LOC111123069,4,3,1
LOC111123092,3,2,1
LOC111123098,3,4,-1
LOC111123128,11,8,3
LOC111123130,3,2,1
LOC111123131,2,1,1
LOC111123132,5,2,3
LOC111123136,2,3,-1
LOC111123143,3,2,1
LOC111123177,3,2,1
LOC111123200,2,1,1
LOC111123204,8,7,1
LOC111123218,4,5,-1
LOC111123241,10,9,1
LOC111123243,12,11,1
LOC111123247,2,1,1
LOC111123248,6,4,2
LOC111123253,2,3,-1
LOC111123264,9,6,3
LOC111123269,5,4,1
LOC111123273,3,2,1
LOC111123290,3,1,2
LOC111123294,2,4,-2
LOC111123328,2,3,-1
LOC111123329,1,2,-1
LOC111123331,2,3,-1
LOC111123333,3,2,1
LOC111123335,3,1,2
LOC111123341,4,7,-3
LOC111123353,1,2,-1
LOC111123372,3,2,1
LOC111123390,4,3,1
LOC111123402,3,1,2
LOC111123411,2,1,1
LOC111123415,4,3,1
LOC111123429,4,1,3
LOC111123433,1,2,-1
LOC111123460,13,9,4
LOC111123472,2,1,1
LOC111123483,15,12,3
LOC111123486,5,8,-3
LOC111123492,20,19,1
LOC111123493,8,5,3
LOC111123501,1,4,-3
LOC111123513,0,1,-1
LOC111123549,1,2,-1
LOC111123550,7,4,3
LOC111123556,8,6,2
LOC111123571,4,3,1
LOC111123575,9,8,1
LOC111123581,3,2,1
LOC111123585,3,5,-2
LOC111123610,12,11,1
LOC111123612,1,3,-2
LOC111123618,2,1,1
LOC111123627,1,2,-1
LOC111123630,3,1,2
LOC111123631,3,4,-1
LOC111123640,1,2,-1
LOC111123647,2,1,1
LOC111123648,13,11,2
LOC111123651,0,1,-1
LOC111123654,1,2,-1
LOC111123657,7,5,2
LOC111123661,5,4,1
LOC111123664,6,5,1
LOC111123667,2,1,1
LOC111123670,1,2,-1
LOC111123691,12,10,2
LOC111123692,5,6,-1
LOC111123731,4,6,-2
LOC111123734,3,2,1
LOC111123743,14,11,3
LOC111123755,3,1,2
LOC111123765,1,2,-1
LOC111123771,1,2,-1
LOC111123798,2,1,1
LOC111123802,14,11,3
LOC111123820,4,3,1
LOC111123821,4,3,1
LOC111123832,1,2,-1
LOC111123845,2,1,1
LOC111123865,1,2,-1
LOC111123869,7,6,1
LOC111123883,2,1,1
LOC111123888,3,2,1
LOC111123890,27,16,11
LOC111123892,7,6,1
LOC111123904,7,5,2
LOC111123910,15,17,-2
LOC111123917,2,3,-1
LOC111123920,1,2,-1
LOC111123926,4,2,2
LOC111123935,2,1,1
LOC111123938,6,4,2
LOC111123943,2,3,-1
LOC111123945,0,1,-1
LOC111123946,1,2,-1
LOC111123956,2,1,1
LOC111123976,3,2,1
LOC111123983,13,12,1
LOC111123993,11,9,2
LOC111123995,4,3,1
LOC111124002,9,7,2
LOC111124018,7,5,2
LOC111124026,12,9,3
LOC111124030,4,3,1
LOC111124036,11,8,3
LOC111124103,0,1,-1
LOC111124130,0,1,-1
LOC111124175,0,1,-1
LOC111124256,0,1,-1
LOC111124466,20,9,11
LOC111124469,3,4,-1
LOC111124489,5,3,2
LOC111124492,2,1,1
LOC111124493,17,9,8
LOC111124494,12,9,3
LOC111124495,2,5,-3
LOC111124502,3,5,-2
LOC111124514,1,2,-1
LOC111124529,4,3,1
LOC111124535,5,3,2
LOC111124554,11,6,5
LOC111124602,1,3,-2
LOC111124609,2,1,1
LOC111124612,8,5,3
LOC111124621,5,4,1
LOC111124633,9,8,1
LOC111124635,3,2,1
LOC111124641,7,6,1
LOC111124642,19,10,9
LOC111124650,8,6,2
LOC111124659,3,2,1
LOC111124662,6,2,4
LOC111124666,7,6,1
LOC111124679,2,1,1
LOC111124681,2,4,-2
LOC111124686,1,2,-1
LOC111124692,11,8,3
LOC111124695,6,4,2
LOC111124719,9,7,2
LOC111124720,4,3,1
LOC111124729,6,4,2
LOC111124732,2,1,1
LOC111124747,7,8,-1
LOC111124760,4,3,1
LOC111124766,2,1,1
LOC111124772,4,5,-1
LOC111124774,2,1,1
LOC111124779,2,1,1
LOC111124783,1,2,-1
LOC111124785,1,2,-1
LOC111124789,2,1,1
LOC111124817,2,3,-1
LOC111124842,3,1,2
LOC111124843,6,5,1
LOC111124852,3,2,1
LOC111124854,1,6,-5
LOC111124859,4,3,1
LOC111124864,3,2,1
LOC111124865,5,3,2
LOC111124868,4,3,1
LOC111124869,1,2,-1
LOC111124870,2,1,1
LOC111124871,2,3,-1
LOC111124893,5,4,1
LOC111124894,4,3,1
LOC111124917,4,3,1
LOC111124921,2,3,-1
LOC111124923,2,1,1
LOC111124925,0,1,-1
LOC111124930,1,2,-1
LOC111124933,2,3,-1
LOC111124936,2,1,1
LOC111124938,6,7,-1
LOC111124939,8,6,2
LOC111124942,5,4,1
LOC111124944,16,12,4
LOC111124946,2,1,1
LOC111124952,3,4,-1
LOC111124962,5,4,1
LOC111124969,1,2,-1
LOC111124974,1,2,-1
LOC111124975,1,2,-1
LOC111124985,5,7,-2
LOC111124995,1,2,-1
LOC111124999,6,5,1
LOC111125000,2,1,1
LOC111125001,2,3,-1
LOC111125004,6,4,2
LOC111125013,3,2,1
LOC111125018,6,5,1
LOC111125027,5,4,1
LOC111125030,7,6,1
LOC111125032,8,6,2
LOC111125043,6,7,-1
LOC111125044,2,3,-1
LOC111125055,6,3,3
LOC111125086,3,2,1
LOC111125089,5,4,1
LOC111125102,2,1,1
LOC111125116,6,3,3
LOC111125119,3,2,1
LOC111125122,4,2,2
LOC111125124,5,4,1
LOC111125125,1,2,-1
LOC111125134,6,5,1
LOC111125143,2,3,-1
LOC111125153,1,3,-2
LOC111125160,2,1,1
LOC111125161,2,1,1
LOC111125181,1,2,-1
LOC111125199,4,3,1
LOC111125224,9,7,2
LOC111125230,7,4,3
LOC111125242,4,3,1
LOC111125243,3,2,1
LOC111125260,1,2,-1
LOC111125265,1,3,-2
LOC111125268,3,2,1
LOC111125277,5,3,2
LOC111125284,5,4,1
LOC111125285,2,1,1
LOC111125298,4,3,1
LOC111125308,4,2,2
LOC111125314,5,4,1
LOC111125320,21,13,8
LOC111125329,2,1,1
LOC111125330,25,12,13
LOC111125336,2,6,-4
LOC111125338,7,6,1
LOC111125344,2,1,1
LOC111125346,0,1,-1
LOC111125347,5,7,-2
LOC111125355,6,4,2
LOC111125365,4,1,3
LOC111125371,0,1,-1
LOC111125375,9,8,1
LOC111125378,2,1,1
LOC111125391,8,5,3
LOC111125394,1,3,-2
LOC111125395,4,1,3
LOC111125405,2,3,-1
LOC111125411,2,1,1
LOC111125431,3,1,2
LOC111125432,2,1,1
LOC111125437,8,5,3
LOC111125441,5,3,2
LOC111125443,6,4,2
LOC111125450,11,10,1
LOC111125451,2,1,1
LOC111125453,2,1,1
LOC111125463,28,17,11
LOC111125464,2,1,1
LOC111125473,4,2,2
LOC111125484,4,3,1
LOC111125488,6,5,1
LOC111125490,4,2,2
LOC111125496,1,2,-1
LOC111125504,8,4,4
LOC111125514,3,1,2
LOC111125524,4,3,1
LOC111125530,2,1,1
LOC111125538,5,4,1
LOC111125544,6,5,1
LOC111125559,1,2,-1
LOC111125567,7,4,3
LOC111125570,5,6,-1
LOC111125576,3,2,1
LOC111125577,7,5,2
LOC111125587,0,1,-1
LOC111125590,5,4,1
LOC111125594,5,6,-1
LOC111125599,3,2,1
LOC111125623,3,2,1
LOC111125629,7,6,1
LOC111125632,2,1,1
LOC111125634,7,4,3
LOC111125639,4,3,1
LOC111125640,1,2,-1
LOC111125642,1,2,-1
LOC111125646,3,2,1
LOC111125647,3,2,1
LOC111125651,4,3,1
LOC111125661,4,3,1
LOC111125662,6,4,2
LOC111125663,9,5,4
LOC111125664,6,5,1
LOC111125677,4,3,1
LOC111125678,2,1,1
LOC111125717,3,5,-2
LOC111125727,5,4,1
LOC111125735,5,6,-1
LOC111125740,5,3,2
LOC111125752,3,2,1
LOC111125764,15,12,3
LOC111125795,4,3,1
LOC111125797,4,2,2
LOC111125801,1,2,-1
LOC111125802,9,8,1
LOC111125803,4,3,1
LOC111125820,5,4,1
LOC111125823,2,1,1
LOC111125830,4,2,2
LOC111125833,13,12,1
LOC111125839,8,9,-1
LOC111125854,7,5,2
LOC111125859,3,1,2
LOC111125862,1,2,-1
LOC111125863,1,2,-1
LOC111125870,4,2,2
LOC111125880,4,3,1
LOC111125881,3,2,1
LOC111125885,6,5,1
LOC111125890,5,4,1
LOC111125897,5,3,2
LOC111125905,6,4,2
LOC111125906,10,9,1
LOC111125911,4,3,1
LOC111125914,1,2,-1
LOC111125930,6,4,2
LOC111125935,2,1,1
LOC111125942,19,13,6
LOC111125951,2,1,1
LOC111125954,3,2,1
LOC111125955,2,1,1
LOC111125956,9,7,2
LOC111125994,4,3,1
LOC111125997,2,3,-1
LOC111125999,8,7,1
LOC111126003,2,1,1
LOC111126007,7,5,2
LOC111126026,2,1,1
LOC111126044,0,1,-1
LOC111126054,5,3,2
LOC111126094,2,1,1
LOC111126144,1,2,-1
LOC111126145,8,5,3
LOC111126149,5,4,1
LOC111126153,0,1,-1
LOC111126161,8,9,-1
LOC111126166,2,3,-1
LOC111126169,2,3,-1
LOC111126180,1,2,-1
LOC111126196,2,1,1
LOC111126197,3,2,1
LOC111126203,3,2,1
LOC111126221,1,2,-1
LOC111126223,4,2,2
LOC111126230,3,2,1
LOC111126232,2,1,1
LOC111126252,4,5,-1
LOC111126274,2,3,-1
LOC111126286,0,1,-1
LOC111126293,3,2,1
LOC111126302,3,4,-1
LOC111126304,1,2,-1
LOC111126309,3,2,1
LOC111126338,3,2,1
LOC111126352,14,9,5
LOC111126360,5,4,1
LOC111126366,2,1,1
LOC111126387,3,2,1
LOC111126395,11,10,1
LOC111126399,4,2,2
LOC111126402,6,5,1
LOC111126405,6,5,1
LOC111126408,4,2,2
LOC111126419,2,1,1
LOC111126430,1,2,-1
LOC111126434,2,1,1
LOC111126439,1,2,-1
LOC111126452,2,1,1
LOC111126454,1,2,-1
LOC111126455,14,12,2
LOC111126457,5,4,1
LOC111126475,2,1,1
LOC111126476,1,0,1
LOC111126478,3,2,1
LOC111126487,3,2,1
LOC111126509,1,2,-1
LOC111126514,1,3,-2
LOC111126515,3,4,-1
LOC111126527,3,6,-3
LOC111126541,1,2,-1
LOC111126542,1,2,-1
LOC111126552,2,1,1
LOC111126560,8,7,1
LOC111126580,4,3,1
LOC111126585,6,5,1
LOC111126587,7,6,1
LOC111126592,2,1,1
LOC111126594,0,1,-1
LOC111126606,3,4,-1
LOC111126624,6,5,1
LOC111126636,3,2,1
LOC111126640,1,0,1
LOC111126645,4,1,3
LOC111126669,3,2,1
LOC111126672,2,1,1
LOC111126673,8,5,3
LOC111126676,3,2,1
LOC111126680,3,4,-1
LOC111126682,4,3,1
LOC111126691,2,1,1
LOC111126693,5,3,2
LOC111126711,3,2,1
LOC111126713,2,1,1
LOC111126719,1,2,-1
LOC111126734,2,1,1
LOC111126760,4,3,1
LOC111126761,6,3,3
LOC111126791,7,6,1
LOC111126798,5,4,1
LOC111126804,5,4,1
LOC111126805,4,7,-3
LOC111126810,12,9,3
LOC111126828,16,14,2
LOC111126832,1,2,-1
LOC111126842,2,3,-1
LOC111126853,0,1,-1
LOC111126867,0,1,-1
LOC111126875,4,3,1
LOC111126882,2,3,-1
LOC111126888,5,4,1
LOC111126901,4,1,3
LOC111126914,4,2,2
LOC111126918,3,2,1
LOC111126932,1,2,-1
LOC111126940,1,2,-1
LOC111126961,4,2,2
LOC111126993,5,7,-2
LOC111127004,3,5,-2
LOC111127010,6,4,2
LOC111127043,5,2,3
LOC111127048,6,5,1
LOC111127049,4,3,1
LOC111127067,2,1,1
LOC111127079,4,3,1
LOC111127092,1,0,1
LOC111127097,2,3,-1
LOC111127107,6,5,1
LOC111127111,1,2,-1
LOC111127113,0,1,-1
LOC111127117,6,4,2
LOC111127118,3,2,1
LOC111127124,5,4,1
LOC111127137,3,2,1
LOC111127139,4,3,1
LOC111127141,0,1,-1
LOC111127145,4,3,1
LOC111127146,6,5,1
LOC111127158,1,3,-2
LOC111127166,2,4,-2
LOC111127180,2,3,-1
LOC111127181,0,1,-1
LOC111127193,3,4,-1
LOC111127211,2,1,1
LOC111127212,1,2,-1
LOC111127214,2,1,1
LOC111127222,1,2,-1
LOC111127236,1,2,-1
LOC111127246,0,1,-1
LOC111127290,1,2,-1
LOC111127307,0,1,-1
LOC111127309,3,2,1
LOC111127310,6,3,3
LOC111127311,3,2,1
LOC111127340,1,0,1
LOC111127343,5,6,-1
LOC111127351,8,5,3
LOC111127357,1,2,-1
LOC111127370,3,1,2
LOC111127378,2,1,1
LOC111127408,1,2,-1
LOC111127413,2,3,-1
LOC111127414,4,3,1
LOC111127415,3,2,1
LOC111127436,1,2,-1
LOC111127479,2,1,1
LOC111127485,2,1,1
LOC111127487,6,4,2
LOC111127519,1,2,-1
LOC111127533,1,2,-1
LOC111127549,3,2,1
LOC111127569,3,1,2
LOC111127570,2,1,1
LOC111127572,2,1,1
LOC111127583,4,3,1
LOC111127590,3,2,1
LOC111127593,2,1,1
LOC111127600,1,2,-1
LOC111127601,3,2,1
LOC111127603,3,2,1
LOC111127624,0,1,-1
LOC111127631,0,1,-1
LOC111127639,1,2,-1
LOC111127640,2,1,1
LOC111127642,5,3,2
LOC111127646,2,1,1
LOC111127648,0,1,-1
LOC111127650,10,8,2
LOC111127726,2,1,1
LOC111127733,2,1,1
LOC111127755,1,2,-1
LOC111127764,1,2,-1
LOC111127765,3,2,1
LOC111127781,2,3,-1
LOC111127808,2,3,-1
LOC111127823,2,1,1
LOC111127826,3,4,-1
LOC111127830,2,3,-1
LOC111127832,4,3,1
LOC111127840,2,1,1
LOC111127846,5,3,2
LOC111127855,3,4,-1
LOC111127862,6,5,1
LOC111127877,10,9,1
LOC111127889,2,1,1
LOC111127902,3,2,1
LOC111127906,10,7,3
LOC111127908,2,3,-1
LOC111127911,8,7,1
LOC111127914,4,3,1
LOC111127975,7,6,1
LOC111127981,15,11,4
LOC111127992,3,2,1
LOC111128026,2,3,-1
LOC111128029,9,6,3
LOC111128032,1,2,-1
LOC111128033,4,5,-1
LOC111128034,4,3,1
LOC111128040,5,4,1
LOC111128041,14,7,7
LOC111128057,3,2,1
LOC111128065,4,3,1
LOC111128074,3,4,-1
LOC111128076,17,16,1
LOC111128082,9,8,1
LOC111128085,13,10,3
LOC111128093,7,4,3
LOC111128094,2,1,1
LOC111128099,4,3,1
LOC111128106,2,1,1
LOC111128112,1,2,-1
LOC111128118,4,3,1
LOC111128136,3,2,1
LOC111128150,5,3,2
LOC111128188,6,5,1
LOC111128224,2,1,1
LOC111128242,3,2,1
LOC111128244,11,8,3
LOC111128245,6,5,1
LOC111128257,0,1,-1
LOC111128261,1,0,1
LOC111128273,2,3,-1
LOC111128281,2,3,-1
LOC111128292,7,4,3
LOC111128293,2,1,1
LOC111128296,2,1,1
LOC111128313,4,5,-1
LOC111128319,1,2,-1
LOC111128350,3,4,-1
LOC111128358,5,4,1
LOC111128368,2,1,1
LOC111128377,2,1,1
LOC111128380,1,2,-1
LOC111128385,1,2,-1
LOC111128397,1,2,-1
LOC111128401,1,2,-1
LOC111128405,4,3,1
LOC111128422,0,1,-1
LOC111128424,3,2,1
LOC111128432,3,4,-1
LOC111128437,3,2,1
LOC111128447,1,2,-1
LOC111128450,7,5,2
LOC111128523,10,6,4
LOC111128531,7,3,4
LOC111128533,8,7,1
LOC111128537,3,2,1
LOC111128581,24,19,5
LOC111128586,3,2,1
LOC111128599,5,3,2
LOC111128607,4,3,1
LOC111128644,2,1,1
LOC111128647,1,2,-1
LOC111128648,3,2,1
LOC111128656,4,3,1
LOC111128657,1,2,-1
LOC111128658,4,3,1
LOC111128660,3,4,-1
LOC111128668,2,1,1
LOC111128687,4,3,1
LOC111128696,2,1,1
LOC111128697,2,1,1
LOC111128698,9,6,3
LOC111128703,1,2,-1
LOC111128713,3,2,1
LOC111128722,4,6,-2
LOC111128737,2,1,1
LOC111128746,9,6,3
LOC111128759,4,3,1
LOC111128761,3,2,1
LOC111128768,9,7,2
LOC111128783,6,4,2
LOC111128788,3,6,-3
LOC111128790,3,4,-1
LOC111128800,5,2,3
LOC111128803,10,7,3
LOC111128814,1,2,-1
LOC111128859,8,6,2
LOC111128871,11,9,2
LOC111128873,4,3,1
LOC111128876,1,2,-1
LOC111128878,8,6,2
LOC111128883,18,8,10
LOC111128885,4,3,1
LOC111128898,2,3,-1
LOC111128902,4,3,1
LOC111128913,5,4,1
LOC111128914,2,1,1
LOC111128929,1,0,1
LOC111128930,3,1,2
LOC111128933,8,7,1
LOC111128946,2,3,-1
LOC111128979,11,7,4
LOC111128990,5,4,1
LOC111128992,4,3,1
LOC111128998,11,9,2
LOC111129002,4,2,2
LOC111129005,5,4,1
LOC111129006,5,4,1
LOC111129022,1,2,-1
LOC111129023,4,3,1
LOC111129033,1,2,-1
LOC111129038,1,2,-1
LOC111129041,2,1,1
LOC111129043,1,2,-1
LOC111129045,1,2,-1
LOC111129076,4,3,1
LOC111129081,5,3,2
LOC111129085,1,2,-1
LOC111129088,14,15,-1
LOC111129092,6,5,1
LOC111129093,3,4,-1
LOC111129094,6,4,2
LOC111129117,7,6,1
LOC111129121,7,6,1
LOC111129123,2,1,1
LOC111129131,8,5,3
LOC111129133,4,3,1
LOC111129143,8,7,1
LOC111129162,20,15,5
LOC111129170,20,11,9
LOC111129171,0,1,-1
LOC111129177,9,6,3
LOC111129181,2,1,1
LOC111129189,4,3,1
LOC111129191,3,4,-1
LOC111129193,5,6,-1
LOC111129198,2,1,1
LOC111129199,1,2,-1
LOC111129207,2,1,1
LOC111129228,2,1,1
LOC111129230,2,1,1
LOC111129231,5,4,1
LOC111129233,0,1,-1
LOC111129252,4,5,-1
LOC111129256,4,3,1
LOC111129267,5,3,2
LOC111129269,6,5,1
LOC111129277,4,3,1
LOC111129315,2,1,1
LOC111129318,0,1,-1
LOC111129330,1,2,-1
LOC111129334,7,5,2
LOC111129343,5,4,1
LOC111129348,6,5,1
LOC111129352,6,5,1
LOC111129365,5,4,1
LOC111129367,1,2,-1
LOC111129374,2,1,1
LOC111129376,4,5,-1
LOC111129393,2,1,1
LOC111129397,3,1,2
LOC111129402,3,4,-1
LOC111129406,3,2,1
LOC111129431,3,2,1
LOC111129432,3,4,-1
LOC111129433,3,4,-1
LOC111129449,1,2,-1
LOC111129459,5,2,3
LOC111129473,3,1,2
LOC111129477,1,2,-1
LOC111129478,5,4,1
LOC111129479,3,2,1
LOC111129480,2,1,1
LOC111129483,8,4,4
LOC111129497,5,3,2
LOC111129501,3,2,1
LOC111129512,8,13,-5
LOC111129513,5,4,1
LOC111129523,2,3,-1
LOC111129539,2,3,-1
LOC111129573,0,1,-1
LOC111129591,6,5,1
LOC111129643,4,3,1
LOC111129644,3,2,1
LOC111129693,6,5,1
LOC111129706,3,2,1
LOC111129817,4,3,1
LOC111129823,9,6,3
LOC111129836,9,7,2
LOC111129863,5,3,2
LOC111129874,10,9,1
LOC111129877,9,8,1
LOC111129882,4,3,1
LOC111129891,2,1,1
LOC111129899,9,5,4
LOC111129906,3,2,1
LOC111129912,4,3,1
LOC111129914,3,2,1
LOC111129917,1,2,-1
LOC111129932,2,1,1
LOC111129944,5,3,2
LOC111129949,2,1,1
LOC111129954,3,2,1
LOC111129964,1,2,-1
LOC111129967,6,5,1
LOC111129975,23,20,3
LOC111129980,10,6,4
LOC111130000,3,1,2
LOC111130003,1,2,-1
LOC111130012,3,2,1
LOC111130038,4,5,-1
LOC111130040,15,10,5
LOC111130042,3,2,1
LOC111130051,4,3,1
LOC111130053,5,4,1
LOC111130063,4,3,1
LOC111130070,2,1,1
LOC111130071,2,3,-1
LOC111130081,5,4,1
LOC111130104,2,1,1
LOC111130111,6,4,2
LOC111130125,4,6,-2
LOC111130153,3,2,1
LOC111130155,3,2,1
LOC111130168,3,4,-1
LOC111130170,3,2,1
LOC111130171,2,1,1
LOC111130179,3,2,1
LOC111130188,2,1,1
LOC111130194,6,7,-1
LOC111130197,2,1,1
LOC111130203,4,2,2
LOC111130209,4,3,1
LOC111130223,3,4,-1
LOC111130241,2,1,1
LOC111130249,4,3,1
LOC111130250,3,4,-1
LOC111130256,5,4,1
LOC111130277,6,5,1
LOC111130279,2,1,1
LOC111130283,7,6,1
LOC111130286,6,4,2
LOC111130294,2,1,1
LOC111130297,30,15,15
LOC111130306,3,4,-1
LOC111130310,5,4,1
LOC111130314,3,2,1
LOC111130316,3,2,1
LOC111130317,3,2,1
LOC111130323,6,3,3
LOC111130325,6,4,2
LOC111130332,6,4,2
LOC111130338,9,5,4
LOC111130340,4,3,1
LOC111130343,7,5,2
LOC111130345,4,6,-2
LOC111130350,3,2,1
LOC111130351,3,4,-1
LOC111130353,13,18,-5
LOC111130369,7,4,3
LOC111130379,1,2,-1
LOC111130380,1,2,-1
LOC111130384,5,4,1
LOC111130388,2,1,1
LOC111130389,3,4,-1
LOC111130398,7,5,2
LOC111130400,3,2,1
LOC111130412,5,4,1
LOC111130414,1,2,-1
LOC111130417,3,2,1
LOC111130432,1,2,-1
LOC111130469,7,6,1
LOC111130476,3,2,1
LOC111130479,4,3,1
LOC111130485,2,1,1
LOC111130487,15,11,4
LOC111130490,2,1,1
LOC111130498,7,4,3
LOC111130516,1,2,-1
LOC111130518,4,3,1
LOC111130524,2,1,1
LOC111130561,2,1,1
LOC111130565,3,2,1
LOC111130579,4,3,1
LOC111130597,2,1,1
LOC111130609,0,1,-1
LOC111130623,0,1,-1
LOC111130631,1,0,1
LOC111130648,2,3,-1
LOC111130649,1,2,-1
LOC111130651,6,3,3
LOC111130652,2,1,1
LOC111130655,2,1,1
LOC111130673,7,6,1
LOC111130676,3,5,-2
LOC111130678,4,3,1
LOC111130695,3,4,-1
LOC111130700,3,4,-1
LOC111130704,9,7,2
LOC111130714,1,2,-1
LOC111130720,3,2,1
LOC111130739,4,3,1
LOC111130758,1,2,-1
LOC111130762,6,5,1
LOC111130781,2,1,1
LOC111130802,3,2,1
LOC111130839,1,5,-4
LOC111130845,2,3,-1
LOC111130847,2,1,1
LOC111130856,2,1,1
LOC111130866,1,2,-1
LOC111130874,5,4,1
LOC111130892,3,2,1
LOC111130895,2,3,-1
LOC111130918,9,8,1
LOC111130930,1,2,-1
LOC111130940,4,3,1
LOC111130943,3,1,2
LOC111130951,8,6,2
LOC111130955,1,2,-1
LOC111130978,2,1,1
LOC111131031,4,3,1
LOC111131055,3,2,1
LOC111131074,2,3,-1
LOC111131099,17,11,6
LOC111131110,2,1,1
LOC111131113,3,2,1
LOC111131114,2,1,1
LOC111131115,4,3,1
LOC111131137,3,1,2
LOC111131147,15,10,5
LOC111131162,3,2,1
LOC111131173,2,1,1
LOC111131180,2,1,1
LOC111131187,3,2,1
LOC111131190,3,2,1
LOC111131195,1,2,-1
LOC111131199,2,1,1
LOC111131201,1,2,-1
LOC111131232,10,8,2
LOC111131249,2,1,1
LOC111131263,3,2,1
LOC111131265,1,4,-3
LOC111131266,9,7,2
LOC111131279,2,3,-1
LOC111131294,3,1,2
LOC111131301,13,9,4
LOC111131305,2,1,1
LOC111131308,1,2,-1
LOC111131344,8,7,1
LOC111131354,1,2,-1
LOC111131379,2,1,1
LOC111131389,3,4,-1
LOC111131395,3,4,-1
LOC111131396,3,1,2
LOC111131418,7,9,-2
LOC111131430,2,1,1
LOC111131434,2,1,1
LOC111131437,17,13,4
LOC111131447,5,4,1
LOC111131452,1,2,-1
LOC111131459,5,3,2
LOC111131466,2,4,-2
LOC111131488,8,5,3
LOC111131490,4,1,3
LOC111131502,1,2,-1
LOC111131505,12,9,3
LOC111131522,2,3,-1
LOC111131525,2,3,-1
LOC111131547,1,3,-2
LOC111131563,16,11,5
LOC111131591,3,2,1
LOC111131623,2,1,1
LOC111131631,2,3,-1
LOC111131652,1,2,-1
LOC111131667,3,2,1
LOC111131689,2,1,1
LOC111131692,4,3,1
LOC111131702,2,3,-1
LOC111131737,1,2,-1
LOC111131751,3,2,1
LOC111131755,2,1,1
LOC111131763,5,4,1
LOC111131765,3,5,-2
LOC111131767,2,4,-2
LOC111131768,9,5,4
LOC111131769,4,2,2
LOC111131789,2,1,1
LOC111131803,2,3,-1
LOC111131805,8,6,2
LOC111131813,4,3,1
LOC111131823,1,2,-1
LOC111131824,1,3,-2
LOC111131832,1,2,-1
LOC111131834,2,1,1
LOC111131843,5,4,1
LOC111131846,2,1,1
LOC111131860,2,1,1
LOC111131871,20,14,6
LOC111131872,5,3,2
LOC111131917,4,3,1
LOC111132038,2,1,1
LOC111132045,3,1,2
LOC111132057,6,5,1
LOC111132069,5,4,1
LOC111132084,2,1,1
LOC111132089,1,3,-2
LOC111132094,4,3,1
LOC111132099,7,6,1
LOC111132100,3,1,2
LOC111132123,6,4,2
LOC111132128,5,4,1
LOC111132144,2,1,1
LOC111132155,3,2,1
LOC111132158,4,3,1
LOC111132168,4,2,2
LOC111132172,4,3,1
LOC111132178,7,6,1
LOC111132188,5,2,3
LOC111132200,4,3,1
LOC111132201,2,1,1
LOC111132213,6,5,1
LOC111132253,1,0,1
LOC111132269,3,2,1
LOC111132289,3,2,1
LOC111132299,3,4,-1
LOC111132319,3,2,1
LOC111132366,2,1,1
LOC111132367,0,1,-1
LOC111132400,0,1,-1
LOC111132409,6,5,1
LOC111132445,0,1,-1
LOC111132450,15,11,4
LOC111132493,4,3,1
LOC111132495,2,3,-1
LOC111132545,2,3,-1
LOC111132580,3,1,2
LOC111132591,0,1,-1
LOC111132619,0,1,-1
LOC111132628,0,1,-1
LOC111132640,0,1,-1
LOC111132642,0,1,-1
LOC111132648,1,2,-1
LOC111132662,0,1,-1
LOC111132663,2,1,1
LOC111132725,0,1,-1
LOC111132726,2,1,1
LOC111132765,0,1,-1
LOC111132787,6,4,2
LOC111132798,6,4,2
LOC111132801,3,2,1
LOC111132806,4,2,2
LOC111132812,1,3,-2
LOC111132824,1,2,-1
LOC111132831,2,1,1
LOC111132835,2,1,1
LOC111132846,1,2,-1
LOC111132847,2,1,1
LOC111132848,4,2,2
LOC111132856,6,3,3
LOC111132865,10,8,2
LOC111132867,1,2,-1
LOC111132879,9,8,1
LOC111132892,2,3,-1
LOC111132899,2,1,1
LOC111132911,3,2,1
LOC111132922,22,14,8
LOC111132924,10,8,2
LOC111132939,6,4,2
LOC111132946,1,2,-1
LOC111132962,5,4,1
LOC111132966,14,9,5
LOC111132982,3,2,1
LOC111132985,9,7,2
LOC111132988,5,2,3
LOC111132990,6,5,1
LOC111132993,2,1,1
LOC111132994,3,2,1
LOC111133009,6,4,2
LOC111133023,5,4,1
LOC111133046,2,1,1
LOC111133047,4,3,1
LOC111133062,8,6,2
LOC111133069,2,1,1
LOC111133075,2,1,1
LOC111133082,1,2,-1
LOC111133092,2,1,1
LOC111133102,1,2,-1
LOC111133106,6,4,2
LOC111133109,2,1,1
LOC111133119,5,4,1
LOC111133122,2,1,1
LOC111133137,2,1,1
LOC111133139,4,3,1
LOC111133144,9,6,3
LOC111133146,4,3,1
LOC111133175,1,2,-1
LOC111133184,2,3,-1
LOC111133185,1,2,-1
LOC111133189,5,4,1
LOC111133205,11,10,1
LOC111133209,4,3,1
LOC111133216,2,1,1
LOC111133218,5,6,-1
LOC111133219,8,4,4
LOC111133231,2,3,-1
LOC111133242,4,3,1
LOC111133261,3,2,1
LOC111133278,3,4,-1
LOC111133280,3,4,-1
LOC111133281,10,8,2
LOC111133282,5,7,-2
LOC111133286,1,2,-1
LOC111133287,1,2,-1
LOC111133292,1,2,-1
LOC111133302,2,3,-1
LOC111133308,1,2,-1
LOC111133311,3,2,1
LOC111133319,1,2,-1
LOC111133321,0,1,-1
LOC111133325,0,1,-1
LOC111133327,28,15,13
LOC111133328,3,2,1
LOC111133341,4,3,1
LOC111133348,3,2,1
LOC111133350,12,9,3
LOC111133355,2,1,1
LOC111133360,1,2,-1
LOC111133362,0,1,-1
LOC111133379,8,6,2
LOC111133381,6,4,2
LOC111133389,5,4,1
LOC111133392,3,4,-1
LOC111133393,2,1,1
LOC111133394,3,4,-1
LOC111133398,11,10,1
LOC111133399,10,7,3
LOC111133403,15,11,4
LOC111133421,4,7,-3
LOC111133422,3,2,1
LOC111133441,2,4,-2
LOC111133443,5,4,1
LOC111133454,0,1,-1
LOC111133461,1,2,-1
LOC111133470,1,2,-1
LOC111133477,6,4,2
LOC111133490,2,1,1
LOC111133494,1,2,-1
LOC111133506,8,5,3
LOC111133517,1,3,-2
LOC111133526,2,3,-1
LOC111133527,2,1,1
LOC111133547,2,1,1
LOC111133551,1,2,-1
LOC111133553,2,1,1
LOC111133563,5,3,2
LOC111133573,3,4,-1
LOC111133575,3,2,1
LOC111133576,3,2,1
LOC111133581,2,1,1
LOC111133585,2,1,1
LOC111133586,2,1,1
LOC111133600,4,3,1
LOC111133606,6,5,1
LOC111133630,2,1,1
LOC111133632,1,2,-1
LOC111133643,2,1,1
LOC111133648,2,1,1
LOC111133649,2,1,1
LOC111133651,9,8,1
LOC111133653,3,2,1
LOC111133656,3,4,-1
LOC111133666,28,9,19
LOC111133681,4,5,-1
LOC111133692,5,4,1
LOC111133730,2,1,1
LOC111133736,4,3,1
LOC111133754,3,2,1
LOC111133779,10,5,5
LOC111133787,2,1,1
LOC111133792,2,1,1
LOC111133799,1,3,-2
LOC111133801,3,2,1
LOC111133810,2,1,1
LOC111133813,2,1,1
LOC111133822,4,3,1
LOC111133825,1,2,-1
LOC111133828,2,3,-1
LOC111133829,1,2,-1
LOC111133833,3,4,-1
LOC111133835,3,2,1
LOC111133837,2,1,1
LOC111133844,2,3,-1
LOC111133859,1,2,-1
LOC111133878,2,1,1
LOC111133883,2,1,1
LOC111133891,10,7,3
LOC111133895,3,4,-1
LOC111133898,3,2,1
LOC111133916,2,1,1
LOC111133922,3,4,-1
LOC111133934,4,3,1
LOC111133975,0,1,-1
LOC111133995,8,9,-1
LOC111133998,2,1,1
LOC111134000,8,5,3
LOC111134006,3,4,-1
LOC111134014,2,1,1
LOC111134015,2,3,-1
LOC111134030,2,4,-2
LOC111134042,6,3,3
LOC111134043,7,5,2
LOC111134046,3,2,1
LOC111134059,8,7,1
LOC111134076,5,4,1
LOC111134089,9,7,2
LOC111134093,6,4,2
LOC111134100,1,2,-1
LOC111134109,3,2,1
LOC111134112,4,3,1
LOC111134130,0,1,-1
LOC111134139,4,3,1
LOC111134142,1,2,-1
LOC111134145,4,3,1
LOC111134156,1,2,-1
LOC111134194,0,1,-1
LOC111134203,3,2,1
LOC111134218,3,4,-1
LOC111134221,1,2,-1
LOC111134225,1,2,-1
LOC111134227,2,3,-1
LOC111134228,3,2,1
LOC111134229,2,4,-2
LOC111134237,5,4,1
LOC111134239,6,7,-1
LOC111134243,5,4,1
LOC111134251,1,0,1
LOC111134253,2,3,-1
LOC111134255,2,1,1
LOC111134256,6,5,1
LOC111134261,2,1,1
LOC111134284,0,1,-1
LOC111134302,2,1,1
LOC111134304,5,4,1
LOC111134309,4,2,2
LOC111134311,5,4,1
LOC111134313,5,4,1
LOC111134319,4,2,2
LOC111134324,6,8,-2
LOC111134349,1,2,-1
LOC111134365,2,1,1
LOC111134367,6,4,2
LOC111134394,8,6,2
LOC111134423,12,11,1
LOC111134433,1,2,-1
LOC111134465,6,3,3
LOC111134468,5,6,-1
LOC111134469,2,1,1
LOC111134473,10,7,3
LOC111134482,3,2,1
LOC111134486,2,1,1
LOC111134488,2,1,1
LOC111134490,2,1,1
LOC111134491,1,2,-1
LOC111134494,2,1,1
LOC111134495,0,1,-1
LOC111134498,1,2,-1
LOC111134504,2,1,1
LOC111134507,3,2,1
LOC111134508,9,6,3
LOC111134518,2,1,1
LOC111134520,6,5,1
LOC111134534,4,3,1
LOC111134564,2,1,1
LOC111134570,2,1,1
LOC111134572,13,6,7
LOC111134577,4,3,1
LOC111134581,0,1,-1
LOC111134586,1,0,1
LOC111134589,1,2,-1
LOC111134597,2,3,-1
LOC111134609,4,3,1
LOC111134611,3,2,1
LOC111134614,3,2,1
LOC111134619,3,2,1
LOC111134623,3,2,1
LOC111134624,3,2,1
LOC111134627,0,1,-1
LOC111134633,16,15,1
LOC111134634,5,4,1
LOC111134644,2,3,-1
LOC111134651,11,5,6
LOC111134670,3,2,1
LOC111134677,2,3,-1
LOC111134678,4,6,-2
LOC111134686,6,5,1
LOC111134698,2,3,-1
LOC111134702,8,9,-1
LOC111134711,4,2,2
LOC111134715,3,2,1
LOC111134725,6,5,1
LOC111134729,2,1,1
LOC111134737,12,11,1
LOC111134772,9,17,-8
LOC111134775,3,5,-2
LOC111134784,3,1,2
LOC111134785,2,1,1
LOC111134787,1,2,-1
LOC111134790,12,13,-1
LOC111134792,4,3,1
LOC111134794,5,4,1
LOC111134800,3,2,1
LOC111134801,2,1,1
LOC111134802,3,2,1
LOC111134804,5,4,1
LOC111134809,2,3,-1
LOC111134821,4,3,1
LOC111134825,10,9,1
LOC111134828,5,4,1
LOC111134832,0,1,-1
LOC111134837,2,3,-1
LOC111134842,4,6,-2
LOC111134843,11,9,2
LOC111134847,2,1,1
LOC111134855,7,8,-1
LOC111134858,10,9,1
LOC111134861,2,3,-1
LOC111134869,4,3,1
LOC111134872,6,4,2
LOC111134876,6,5,1
LOC111134886,14,13,1
LOC111134887,6,4,2
LOC111134909,2,1,1
LOC111134924,1,2,-1
LOC111134926,2,1,1
LOC111134928,13,7,6
LOC111134935,6,5,1
LOC111134944,2,3,-1
LOC111134950,7,3,4
LOC111134952,2,1,1
LOC111134958,2,1,1
LOC111134964,1,2,-1
LOC111134973,2,3,-1
LOC111134976,3,2,1
LOC111134979,2,3,-1
LOC111134986,1,2,-1
LOC111134994,1,2,-1
LOC111134996,6,3,3
LOC111135000,1,2,-1
LOC111135002,11,8,3
LOC111135021,3,2,1
LOC111135029,6,5,1
LOC111135030,1,2,-1
LOC111135045,2,1,1
LOC111135083,10,9,1
LOC111135096,2,3,-1
LOC111135097,3,2,1
LOC111135102,1,2,-1
LOC111135120,3,2,1
LOC111135125,5,3,2
LOC111135127,3,2,1
LOC111135135,15,12,3
LOC111135145,1,2,-1
LOC111135152,5,4,1
LOC111135171,26,17,9
LOC111135174,3,2,1
LOC111135181,3,2,1
LOC111135188,1,2,-1
LOC111135196,4,3,1
LOC111135209,8,7,1
LOC111135216,4,3,1
LOC111135226,5,3,2
LOC111135233,2,1,1
LOC111135239,4,3,1
LOC111135240,4,3,1
LOC111135241,3,1,2
LOC111135247,6,2,4
LOC111135253,7,6,1
LOC111135255,4,3,1
LOC111135259,3,1,2
LOC111135267,3,2,1
LOC111135270,1,2,-1
LOC111135275,4,3,1
LOC111135278,4,5,-1
LOC111135292,2,1,1
LOC111135299,6,4,2
LOC111135302,2,1,1
LOC111135313,3,2,1
LOC111135322,3,2,1
LOC111135323,3,2,1
LOC111135339,3,2,1
LOC111135347,3,2,1
LOC111135350,8,5,3
LOC111135366,2,1,1
LOC111135368,2,1,1
LOC111135376,3,4,-1
LOC111135377,2,3,-1
LOC111135404,6,5,1
LOC111135409,4,3,1
LOC111135414,2,1,1
LOC111135416,2,1,1
LOC111135418,5,4,1
LOC111135423,5,3,2
LOC111135433,5,4,1
LOC111135435,2,4,-2
LOC111135443,5,3,2
LOC111135463,8,4,4
LOC111135477,8,6,2
LOC111135478,4,3,1
LOC111135481,0,1,-1
LOC111135483,0,1,-1
LOC111135497,6,4,2
LOC111135500,3,2,1
LOC111135510,3,2,1
LOC111135516,1,2,-1
LOC111135541,8,7,1
LOC111135559,7,9,-2
LOC111135568,3,2,1
LOC111135569,9,5,4
LOC111135571,5,4,1
LOC111135576,2,1,1
LOC111135578,5,3,2
LOC111135588,8,4,4
LOC111135599,2,1,1
LOC111135602,3,2,1
LOC111135633,3,2,1
LOC111135634,8,6,2
LOC111135642,11,9,2
LOC111135647,1,3,-2
LOC111135654,3,2,1
LOC111135666,2,3,-1
LOC111135677,2,3,-1
LOC111135689,3,5,-2
LOC111135721,6,5,1
LOC111135727,5,4,1
LOC111135736,5,4,1
LOC111135743,1,2,-1
LOC111135746,2,1,1
LOC111135768,7,6,1
LOC111135790,7,4,3
LOC111135792,7,5,2
LOC111135807,1,2,-1
LOC111135825,8,7,1
LOC111135839,1,2,-1
LOC111135841,5,4,1
LOC111135842,4,6,-2
LOC111135845,7,4,3
LOC111135846,3,2,1
LOC111135873,2,1,1
LOC111135874,1,2,-1
LOC111135875,3,2,1
LOC111135878,6,4,2
LOC111135890,9,8,1
LOC111135902,2,3,-1
LOC111135904,6,3,3
LOC111135911,19,12,7
LOC111135924,0,1,-1
LOC111135928,1,2,-1
LOC111135938,2,1,1
LOC111135947,4,2,2
LOC111135955,3,2,1
LOC111135959,6,5,1
LOC111135966,6,5,1
LOC111135967,6,7,-1
LOC111135972,4,2,2
LOC111135982,6,5,1
LOC111136017,13,10,3
LOC111136020,3,2,1
LOC111136023,3,2,1
LOC111136024,7,8,-1
LOC111136030,1,2,-1
LOC111136052,4,3,1
LOC111136064,4,2,2
LOC111136078,5,4,1
LOC111136084,5,4,1
LOC111136093,4,3,1
LOC111136106,10,9,1
LOC111136107,3,2,1
LOC111136109,9,7,2
LOC111136121,2,1,1
LOC111136123,2,1,1
LOC111136125,2,1,1
LOC111136129,2,1,1
LOC111136148,6,5,1
LOC111136153,4,3,1
LOC111136183,5,4,1
LOC111136189,9,8,1
LOC111136194,0,1,-1
LOC111136200,5,3,2
LOC111136202,5,4,1
LOC111136206,2,3,-1
LOC111136207,3,2,1
LOC111136213,3,2,1
LOC111136219,9,8,1
LOC111136221,5,4,1
LOC111136229,6,4,2
LOC111136235,3,2,1
LOC111136257,1,2,-1
LOC111136258,8,7,1
LOC111136261,13,10,3
LOC111136263,6,5,1
LOC111136292,2,1,1
LOC111136299,4,3,1
LOC111136323,2,1,1
LOC111136326,3,2,1
LOC111136330,1,0,1
LOC111136340,16,10,6
LOC111136344,2,1,1
LOC111136348,3,2,1
LOC111136355,3,2,1
LOC111136381,1,2,-1
LOC111136382,15,6,9
LOC111136384,2,1,1
LOC111136398,6,3,3
LOC111136410,7,6,1
LOC111136414,3,2,1
LOC111136463,5,6,-1
LOC111136494,3,2,1
LOC111136511,9,8,1
LOC111136524,9,6,3
LOC111136548,12,11,1
LOC111136553,2,4,-2
LOC111136588,5,4,1
LOC111136589,5,4,1
LOC111136591,17,11,6
LOC111136595,5,2,3
LOC111136609,5,6,-1
LOC111136612,1,2,-1
LOC111136616,3,4,-1
LOC111136636,3,2,1
LOC111136638,5,6,-1
LOC111136641,6,4,2
LOC111136649,10,7,3
LOC111136658,3,2,1
LOC111136669,10,9,1
LOC111136683,4,3,1
LOC111136689,1,2,-1
LOC111136691,11,8,3
LOC111136699,6,5,1
LOC111136715,2,3,-1
LOC111136735,4,2,2
LOC111136800,6,5,1
LOC111136803,2,1,1
LOC111136807,3,2,1
LOC111136853,1,2,-1
LOC111136891,10,9,1
LOC111136892,5,6,-1
LOC111136903,6,5,1
LOC111136915,3,2,1
LOC111136918,3,2,1
LOC111136924,4,3,1
LOC111136925,4,3,1
LOC111136930,1,2,-1
LOC111136942,1,0,1
LOC111136944,1,2,-1
LOC111136957,1,2,-1
LOC111136960,4,5,-1
LOC111136962,4,2,2
LOC111136972,2,3,-1
LOC111136981,4,3,1
LOC111136982,1,2,-1
LOC111136986,12,11,1
LOC111136993,1,2,-1
LOC111137000,7,4,3
LOC111137025,1,2,-1
LOC111137059,7,6,1
LOC111137065,3,2,1
LOC111137072,3,2,1
LOC111137074,2,1,1
LOC111137075,2,1,1
LOC111137093,3,2,1
LOC111137094,7,5,2
LOC111137103,7,6,1
LOC111137117,1,2,-1
LOC111137126,3,2,1
LOC111137156,1,2,-1
LOC111137161,1,2,-1
LOC111137176,2,3,-1
LOC111137182,16,9,7
LOC111137190,3,2,1
LOC111137214,9,4,5
LOC111137220,2,3,-1
LOC111137231,0,1,-1
LOC111137232,2,1,1
LOC111137238,2,1,1
LOC111137249,3,2,1
LOC111137262,3,4,-1
LOC111137270,8,6,2
LOC111137279,5,6,-1
LOC111137281,2,1,1
LOC111137282,1,2,-1
LOC111137285,1,2,-1
LOC111137292,1,2,-1
LOC111137308,5,4,1
LOC111137312,1,2,-1
LOC111137335,3,2,1
LOC111137345,3,2,1
LOC111137351,3,2,1
LOC111137368,3,2,1
LOC111137408,1,2,-1
LOC111137409,2,3,-1
LOC111137419,1,2,-1
LOC111137437,6,4,2
LOC111137439,3,2,1
LOC111137464,3,2,1
LOC111137471,2,1,1
LOC111137474,2,1,1
LOC111137522,7,5,2
LOC111137554,3,4,-1
LOC111137557,2,3,-1
LOC111137574,3,2,1
LOC111137575,4,3,1
LOC111137583,3,1,2
LOC111137587,1,2,-1
LOC111137593,1,2,-1
LOC111137600,1,2,-1
LOC111137602,5,3,2
LOC111137612,2,4,-2
LOC111137618,3,2,1
LOC111137631,5,4,1
LOC111137636,1,2,-1
LOC111137639,6,4,2
LOC111137640,6,5,1
LOC111137642,0,1,-1
LOC111137658,3,2,1
LOC111137659,5,4,1
LOC111137671,3,2,1
LOC111137675,11,9,2
LOC111137676,4,3,1
LOC111137677,5,4,1
LOC111137695,5,4,1
LOC111137702,5,4,1
LOC111137704,2,1,1
LOC111137705,2,1,1
LOC111137707,1,2,-1
LOC111137709,1,2,-1
LOC111137714,4,3,1
LOC111137727,14,8,6
LOC111137732,0,1,-1
LOC111137738,1,2,-1
LOC111137741,1,2,-1
LOC111137742,3,4,-1
LOC111137743,2,1,1
LOC111137744,2,1,1
LOC111137747,3,2,1
LOC111137773,2,1,1
LOC111137784,3,2,1
LOC111137788,1,2,-1
LOC111137821,4,3,1
LOC111137826,2,1,1
LOC111137842,1,2,-1
LOC111137854,2,1,1
LOC111137855,1,2,-1
LOC111137891,2,3,-1
LOC111137895,2,1,1
LOC111137904,1,2,-1
LOC111137933,4,5,-1
LOC111137937,2,1,1
LOC111137946,2,1,1
LOC111137947,11,6,5
LOC111137978,0,1,-1
LOC111137998,2,1,1
LOC111138031,9,10,-1
LOC111138032,6,5,1
LOC111138041,4,3,1
LOC111138065,5,4,1
LOC111138069,4,5,-1
LOC111138072,1,2,-1
LOC111138080,2,1,1
LOC111138093,3,2,1
LOC111138104,3,2,1
LOC111138112,8,5,3
LOC111138114,2,1,1
LOC111138117,3,2,1
LOC111138121,1,2,-1
LOC111138124,6,5,1
LOC111138125,8,7,1
LOC111138129,5,3,2
LOC111138145,3,2,1
LOC111138152,1,2,-1
LOC111138158,2,3,-1
LOC111138164,2,1,1
LOC111138165,3,2,1
LOC111138185,6,5,1
LOC111138186,2,1,1
LOC111138211,1,2,-1
LOC111138213,3,2,1
LOC111138215,1,2,-1
LOC111138218,2,1,1
LOC111138237,6,3,3
LOC111138240,0,1,-1
LOC111138248,1,2,-1
LOC111138253,3,1,2
LOC111138262,2,1,1
LOC111138293,3,2,1
LOC111138299,1,2,-1
LOC111138314,21,13,8
LOC111138319,9,7,2
LOC111138324,2,3,-1
LOC111138335,1,2,-1
LOC111138346,2,1,1
LOC111138373,1,2,-1
LOC111138376,1,2,-1
LOC111138386,1,2,-1
LOC111138400,3,2,1
LOC111138409,2,1,1
LOC111138410,3,2,1
LOC111138425,4,3,1
LOC111138434,3,1,2
LOC111138436,2,1,1
LOC111138441,4,3,1
LOC111138443,6,5,1
LOC111138456,2,1,1
LOC111138462,6,4,2
LOC111138466,5,3,2
LOC111138483,5,4,1
LOC111138491,4,3,1
LOC111138492,2,1,1
LOC111138493,5,4,1
LOC111138501,1,2,-1
Trnaa-agc,15,16,-1
Trnaa-cgc,10,11,-1
Trnaa-ugc,24,28,-4
Trnad-guc,15,14,1
Trnae-cuc,15,13,2
Trnai-uau,4,5,-1
Trnak-cuu,29,27,2
Trnak-uuu,27,31,-4
Trnal-caa,1,3,-2
Trnam-cau,18,27,-9
Trnap-ugg,11,12,-1
Trnar-ccu,25,30,-5
Trnar-ucu,7,9,-2
Trnat-agu,27,31,-4
Trnat-ggu,20,24,-4
Trnav-aac,8,9,-1
Trnay-gua,7,8,-1
